63
722
-215
686
742
898
921
77
557
-65
-153
585
146
981
-164
280
818
-833
619
843
914
-903
750
-247
-640
-905
-820
-963
438
194
186
454
945
-261
-929
-758
431
-920
-787
-997
-51
75
-340
392
93
-295
148
810
853
475
-177
-181
-85
-230
621
167
912
850
812
132
816
-537
-10
-22
547
976
385
-995
511
522
-875
95
-114
-214
-140
732
-935
-675
-204
-836
278
-450
393
-111
-988
-371
-804
-928
-595
867
-879
106
239
-217
431
404
-896
715
481
435
153
565
-868
273
-913
-437
123
662
-196
943
152
736
-776
-140
-351
725
40
-737
253
558
668
-164
992
-291
-897
-948
179
556
-766
260
967
-935
219
925
-281
746
617
-491
480
577
243
-942
474
559
-893
-386
-508
-848
-656
-591
-743
-951
743
-598
-708
-55
-697
139
710
-739
178
-83
-677
-999
-700
23
877
18
-236
682
-597
-555
142
-614
248
-780
861
799
45
-858
977
118
107
407
594
-41
-668
-617
-557
525
-281
557
-923
414
812
-731
346
127
915
722
-279
-61
998
244
-375
-342
-217
739
433
973
361
-929
800
858
-989
-759
-116
980
994
-964
34
-310
-803
964
-379
-837
-289
-732
-22
-141
368
556
-8
921
618
520
490
722
-679
900
849
722
601
-433
-651
-176
-730
-893
849
-849
598
321
-417
493
-232
-798
944
164
-670
-787
-274
46
554
482
766
410
223
661
237
-487
-91
738
38
723
-948
257
-957
41
910
433
-835
-316
220
-913
-654
-630
161
849
-604
-739
822
569
406
-453
635
-359
152
-558
-591
-705
-212
298
-639
-510
122
-318
-595
-258
87
261
876
585
-32
856
335
-189
-749
-910
-859
354
450
765
881
-260
-11
-605
-519
279
694
-505
586
26
-60
-927
909
-722
500
-711
351
-415
122
405
-391
264
536
-204
-231
-613
776
819
568
-549
-260
-637
-986
-230
-626
916
-161
-912
-397
361
735
758
581
-384
-507
826
122
776
-329
312
987
-838
-120
481
9
283
596
510
-544
-846
-560
-594
128
-21
-425
626
-123
356
-223
622
-578
815
197
-119
-862
317
387
-832
136
-443
-747
805
847
103
887
752
21
-898
-801
389
83
917
-989
-523
-545
-738
-1000
-165
407
-763
-629
-580
-731
394
549
270
63
41
-825
213
-253
-484
198
-738
-212
-788
186
-219
402
201
-33
339
-844
758
90
-420
-784
448
-49
874
442
958
-677
-513
-76
686
349
344
-866
178
695
128
247
662
-287
-46
86
-441
-916
-808
-24
-949
-705
207
929
758
-807
-246
134
827
-651
-488
856
-847
-650
12
122
-122
-324
256
884
314
-920
420
712
-238
-679
974
-933
460
121
801
-392
-877
-138
758
-499
388
-13
-417
712
880
-788
-469
-351
-526
581
585
341
558
802
-256
-80
927
-926
67
692
-591
-525
-688
636
-286
-259
670
548
-398
-693
-143
-563
-815
251
-465
474
984
432
486
775
149
-949
815
-463
429
-928
416
864
737
895
-583
774
675
-919
788
527
57
-761
390
775
-358
-254
-386
314
268
-438
916
32
314
774
537
-827
720
600
-376
255
-576
92
-610
-656
804
-294
543
277
802
926
323
333
269
-392
-116
-284
-135
-914
-841
697
-169
-465
980
854
-18
687
295
-751
-209
-148
388
-582
157
-352
55
48
-672
-884
441
-996
-898
-904
996
307
523
-516
-410
-986
390
909
-292
-391
-572
-784
-633
70
-320
871
633
-563
220
430
632
-133
-883
-194
598
683
24
-733
-871
442
740
106
-375
724
709
-98
-790
-230
-791
-701
-302
322
497
-116
506
-88
991
181
-816
588
140
757
-116
942
390
-461
-771
-108
729
-302
-750
502
301
118
-104
-546
-917
481
-661
676
287
993
551
956
732
-722
-208
-599
-529
-58
-372
-24
-80
763
-722
-487
104
252
419
-137
-384
522
-610
13
829
-215
-79
428
-446
-390
311
677
585
503
527
-494
-665
347
984
658
842
-872
155
-431
528
893
461
-543
-203
592
-75
-929
33
786
-94
919
-409
-302
-226
-752
998
715
573
-904
79
490
394
-388
-436
-473
920
-481
-88
239
-128
84
492
-293
-713
378
315
-994
863
-488
-418
-906
829
-235
-155
-674
-983
-638
441
-985
-626
-816
478
997
-783
494
845
-958
734
-856
937
-353
331
-53
-722
815
346
155
-228
-147
732
-589
929
684
-208
-137
12
453
735
882
69
-414
154
-941
551
-975
621
-125
-986
226
-18
198
8
745
-446
871
986
-240
398
-244
305
-165
-222
48
-744
395
-531
-893
-414
67
544
315
-541
-177
144
766
-843
-422
-672
794
611
285
-1
647
833
-573
-335
-66
-495
-46
617
738
571
-955
-656
901
-52
750
-285
-677
-339
-123
-715
-564
848
831
-318
746
-481
-931
-371
-706
-425
716
-924
620
-364
-927
362
-901
-935
407
-63
-332
514
508
-953
-940
975
-392
-862
579
-875
241
33
618
-481
207
874
-437
-741
149
139
-554
-644
-504
-742
153
890
218
-320
-660
342
-442
-153
997
-635
506
-316
-124
-793
-107
-352
894
-594
-187
303
352
233
-454
-383
-773
-829
978
-78
69
236
513
-826
-192
-820
750
-803
-198
-964
87
787
-903
-61
-477
-860
-457
39
-592
-519
-470
-995
-503
-15
-273
-165
-563
-462
-631
-400
-26
-896
-650
570
939
1
-303
280
243
807
658
431
-636
-465
-191
-672
784
-182
-85
76
575
-807
-414
-581
319
86
95
628
577
-452
-789
-799
-551
-999
253
554
-223
461
271
-642
102
-365
-817
-936
-73
95
-926
-247
263
907
-462
-809
-247
-176
-240
-334
-24
-554
614
301
-181
519
195
806
745
-837
32
-439
-813
226
-501
-685
485
-547
830
-851
-862
957
405
54
-546
-191
-582
-895
-297
663
-967
-391
951
-725
587
-971
675
-511
976
395
-837
-619
-543
885
-42
23
-341
121
866
415
807
311
165
-248
413
537
-686
-781
296
-779
40
379
-330
94
-808
-722
240
-96
261
-979
-539
-78
986
-871
681
-726
226
832
-489
-486
-822
-459
-375
552
-960
609
-49
-964
379
-291
-556
613
-758
-849
-355
-838
-189
39
-257
-996
-997
433
-248
-791
642
-744
910
-752
-882
754
403
550
339
158
-415
-128
-411
-737
911
889
542
970
329
303
406
158
-128
-666
-119
275
366
-522
-560
602
708
-79
764
92
327
666
-730
-45
-982
-140
820
569
575
-217
-521
-608
-674
-190
-748
-914
966
696
664
587
-901
350
656
-838
834
488
-729
733
863
338
-239
594
-54
-605
509
-471
-928
-381
375
499
-591
143
-108
-486
260
-83
899
-87
357
-32
-11
-827
-890
-137
-596
737
-234
9
-517
-105
-93
154
-293
-776
519
-232
564
660
-295
948
-510
-166
170
53
-959
-149
-625
361
-521
941
476
493
-65
-630
974
915
788
507
-885
-676
-449
148
771
0
474
27
292
-733
129
-406
6
-206
-213
-906
-464
-846
773
-529
-284
451
-879
-82
832
709
-995
748
937
-27
810
695
-425
-850
789
-505
-966
454
413
360
-157
145
-796
-325
994
57
-9
-669
-223
920
64
384
-995
998
114
584
-766
-897
-880
-357
171
198
901
-159
901
-916
-748
71
331
-377
839
-852
-337
457
839
839
165
183
-544
-509
435
-689
-716
-64
-893
22
-707
-496
-154
721
936
318
-936
-243
298
-394
-959
-381
-858
-958
99
-726
515
-328
101
292
610
-215
236
-185
876
739
298
-578
713
-471
341
591
937
184
-80
189
326
-898
332
-753
571
332
-29
-890
-314
97
775
-774
401
-719
832
970
-904
-628
-484
385
502
775
989
-357
-676
-199
85
139
-581
207
-826
-557
379
925
-183
888
-764
209
802
720
-709
-114
140
977
482
28
115
312
576
28
-36
872
-432
750
457
-149
685
-38
-725
-919
-39
275
-493
-282
-605
-426
179
-53
250
765
147
-672
-440
-173
600
299
-958
364
-467
-732
-84
229
-969
455
-775
807
749
-157
-467
197
-430
-949
-8
-151
651
514
338
-532
-868
542
-873
-117
-673
331
168
632
-21
294
915
526
714
456
-881
187
978
46
-129
341
593
803
-460
-976
-72
694
562
-48
-148
-618
-76
125
-907
-8
-519
619
-750
-179
270
-743
909
893
-112
658
-550
-296
534
394
-789
-810
896
886
-15
510
745
575
352
992
-734
-521
-588
-772
-74
-483
-398
19
-949
-244
921
632
890
-440
107
-834
-694
-895
272
298
-873
917
-177
-909
-25
-937
-353
-696
-741
720
-809
-994
690
406
-727
802
382
-433
-814
437
190
-384
249
-493
-518
341
454
767
-384
455
-894
453
911
231
-74
377
-245
-610
568
-770
861
1
492
-151
-100
-551
-372
273
990
835
-267
790
-530
549
901
-659
-59
638
-860
-34
205
-980
476
770
-489
595
-737
261
-123
-510
-962
-114
-553
580
-862
-759
127
508
264
949
443
-665
124
-606
-625
-394
-874
645
573
619
494
452
663
194
-947
524
23
385
701
-468
781
370
515
95
-253
-212
-691
593
123
-18
-779
971
-683
633
-264
-308
511
775
442
-899
995
-75
-57
373
-449
-168
-227
-353
997
456
889
311
-538
-580
42
655
855
-210
581
-847
368
547
233
-205
916
467
590
980
776
-410
-101
-267
-480
-670
-979
769
12
-836
-204
992
-42
-808
-149
-27
-437
-366
-829
67
-921
540
-269
-840
886
-833
21
-52
186
782
215
-569
-289
654
213
426
-411
-314
895
-816
-256
385
577
633
-182
-887
-219
-622
755
732
678
689
905
-554
552
-104
-559
399
-821
952
-32
-498
-909
385
539
-526
146
830
-357
-788
-434
-785
-102
-252
-335
-737
-12
-593
927
-127
-806
113
-592
-284
-347
378
176
-99
847
-394
779
566
304
-684
952
-483
-421
-278
-83
-799
566
984
-655
-742
-116
-171
645
848
-883
-446
-580
431
-433
-896
-537
878
462
595
294
431
374
-193
235
-686
514
507
297
930
-930
254
397
-593
148
-747
673
-661
665
485
375
936
50
758
-615
-949
975
-899
-92
76
999
-122
-390
-595
-147
-485
310
842
735
-727
635
125
572
537
-831
264
-58
879
774
449
-58
759
-227
-610
756
-307
340
-331
269
-249
-344
64
-64
-384
306
894
-111
-434
-505
451
-338
-357
-304
-813
93
564
-632
-537
-431
-723
-272
386
-92
174
-516
352
-37
50
-213
-90
-483
394
-974
359
-234
871
242
646
-524
629
-872
-922
980
875
208
865
-247
-419
592
-125
860
275
-852
-2
-203
-464
6
-574
-737
-915
159
27
805
265
682
-481
859
-55
934
-293
-626
342
367
-498
-518
-187
-710
519
195
-536
-339
205
-283
-546
-33
-423
-899
-774
-939
253
-268
19
-511
-751
-801
489
-983
-921
-325
608
627
-369
411
965
766
228
-789
-750
