5899
-11953
-7521
10433
9275
9563
-9850
8525
-5017
-406
-11820
1661
119
2060
6730
10667
-13825
5229
8563
2298
9716
12613
-2074
12005
-85
-4350
10476
1702
10942
2318
13690
-3939
-1906
-2230
-3492
2676
14911
-8915
-11341
-13962
-11341
-14695
-2027
13533
-5510
-7176
-12046
-3650
-8441
9855
9410
3193
12217
-7758
4623
4638
4176
3514
-8746
-14447
-1876
-547
-4856
13081
-8626
-2445
13582
-13636
-7199
6458
-9504
349
1166
9964
-2307
-4639
12371
4316
-1736
-652
-14103
-6402
14420
-3429
13962
-10579
9673
7664
4882
-4320
13718
11603
-10482
12090
-1081
-9903
-13395
13272
-14754
3195
-2051
-1844
-12856
27
3945
-9509
8892
5082
12879
-7506
-10056
8957
8176
-12532
-2818
9717
-1419
4735
-3819
4372
14384
5892
8370
-14233
12964
14609
3738
5091
6636
-13014
-8156
7552
-495
-7732
433
-2866
-4284
-4067
9424
-11518
-13466
1051
-6016
-12973
-4288
6711
4608
998
-1871
-4511
-4421
8370
3532
-1939
465
8616
-14088
-13731
9022
5253
4940
8124
-12495
2158
-5703
-7210
372
13970
1866
-13971
-8727
8474
-14606
10003
2042
1282
13793
-5256
588
2665
13992
-1670
-2426
-9682
7256
10160
8314
-13636
3794
-1374
6567
8373
14072
9784
-5401
1219
-4216
-4325
-12628
-14338
-9268
-11405
-13418
4961
-8940
-14084
-3683
-3441
10404
11625
14069
-11412
8412
-5727
-3664
13886
6238
-650
-13991
2336
8766
-5563
8395
3930
8918
3963
2069
806
-3217
12129
8381
4712
3203
8771
-6426
-2654
-3382
-11007
-13856
-6375
-2639
-5596
7383
-6457
1082
-2211
-5347
4948
6425
935
-13057
9542
-8396
5133
-4000
2495
3209
-12548
-1922
10286
6788
4474
508
-380
1924
-5619
-2468
13324
12477
-9297
-12012
14485
-9025
6311
13959
-3718
14349
-5180
2821
11058
7349
5006
-9945
9985
13050
1223
2809
5338
4994
10645
-7534
1382
-986
13042
-2595
334
8136
-11178
-9423
-13525
12100
-2607
-13120
6586
11543
70
-8702
7664
2564
2664
-4421
-4696
10024
7997
-3706
10302
13649
-8020
5251
3100
-3987
-11832
-12183
13591
-7991
-4120
1354
-537
4058
11322
6082
11954
-5528
-8592
-4625
-5630
5938
-12322
9675
-14396
-13095
-14524
10726
-1928
9505
14059
10758
5503
-7509
2377
4227
-12415
1673
8797
-7659
-1167
3211
10267
3468
3986
-6804
-7488
13071
10910
-11253
14445
-729
-3745
-2602
-11886
5646
8680
9482
-10453
10684
-2303
-2631
-787
1277
2831
13965
-1664
8907
-11085
7365
8041
7171
-5174
7425
-4009
7064
9208
-1495
-6881
14070
13042
-6541
9638
8975
7240
-12308
11645
7309
-8561
-4848
1865
9831
-5584
6298
-11328
5739
-8598
-832
13946
-8997
-6857
6662
-1799
-11407
2593
6523
-10476
-11756
-10617
-7741
8977
9474
-1952
6200
13001
-7002
6293
8762
-11818
13886
-4731
11353
484
-1392
-14149
9699
-7172
-14415
-13157
-9720
12725
-4310
10019
1356
-7056
-10770
11333
4971
10939
9356
2787
-10374
9374
8751
6059
-354
4187
10824
-12818
14478
-12722
-5665
-5845
11729
-2001
-10454
13998
-822
4394
-1295
4160
7366
-4757
-3432
-8976
-7234
8271
9246
12182
-8334
-7202
11358
2693
-14937
14813
-14383
479
-14875
-6013
10280
6571
2697
6411
-395
12420
4664
-2808
-2617
14707
-9309
10201
-11011
5390
-3297
11190
-10821
11050
2312
-5396
-7017
7956
14093
4992
-12739
-10885
-1207
5682
-380
-5334
2142
11112
-1253
222
-8698
9352
6101
14201
-6121
-14464
4356
5411
-13589
13092
4038
11779
11602
5045
-13599
3061
597
-9089
-4866
12877
-14631
-9578
12626
-9748
1674
12251
8209
-6924
-8022
953
14021
-796
-3664
830
-6468
-4652
-2499
-5108
-9183
9762
-14020
-2766
-4662
-4890
-13215
2947
-3573
14301
-5500
-14902
12134
-11872
-13229
4832
-9174
353
11040
-8348
-6917
1709
12883
1955
13642
11574
5151
-11851
-13322
7866
-12002
-11995
3341
13736
3313
-7801
8743
-9920
13177
14485
-4276
-9631
11547
8851
360
4644
-9340
-10567
-8674
-8359
-11890
-9756
-10821
12200
-766
-2864
11746
-4537
12225
-3332
-5644
7316
-9053
4111
-4948
5314
-806
2659
8760
-1597
-9684
8126
5475
-4600
-3863
1570
-9115
5580
-484
10125
-5471
-1961
7901
-11202
13989
7039
-4155
1087
2477
1211
12057
-5462
12158
-1802
2944
6734
10690
-6299
4346
3118
-6683
-1603
-250
5607
-7766
4950
859
-6876
12788
4625
3054
-3766
1590
-14823
-6342
-10986
13076
9020
1765
11411
11374
2507
-111
7250
-12167
-14601
10450
10626
-150
-7532
-9454
7857
1094
-12853
-4453
13656
-2855
-14251
-12146
11217
-14003
5494
12219
5272
7096
-1422
-14946
7968
3446
4771
-14583
-9561
1917
11939
734
-5849
5738
-11186
-2783
2950
7953
13216
-3586
-11062
-3105
-10892
9193
-11138
-11480
1995
387
9715
1966
13291
7296
3576
-6409
-4145
6825
9563
10357
-10427
-12945
-8941
-14274
-7235
-3040
8240
-8446
-14545
11112
-14093
-3114
-77
-11824
4440
-9270
9663
-84
3272
-8024
-12105
12242
6444
14556
734
4612
-1962
5818
13814
-14234
14934
479
6157
-13331
14288
14189
1010
-11435
12800
-383
-5131
6688
4048
8758
-8793
-13370
-11424
7734
-4978
4288
-10906
13683
3923
-9678
7589
11663
10338
2695
10067
-4357
8848
5156
7130
10360
3702
-11233
-10594
-2315
-12795
11720
-13400
10613
5201
-11675
-13091
-11601
-4294
-7912
-10377
-9836
-6715
-9
-9847
2250
-12326
167
7807
-6183
-7283
-11544
4900
5272
13494
2982
-4075
14980
-10735
-4261
-14242
74
-12070
-14397
12064
7463
-11812
8306
1461
-13051
-9030
-8859
7134
-14269
6732
-11325
12333
-6861
3989
-11030
-5494
8361
-8108
-8745
8342
-12596
13026
-10018
1150
1017
6328
1541
13533
-576
12850
-1357
13251
699
-9008
-609
13036
-3799
11584
2564
1000
8194
2644
10901
11167
-8224
-1218
-6933
-12609
924
12303
7889
9100
-8544
-8519
-538
-11026
-14683
-9345
-11579
3362
-1094
10891
-13936
9902
1356
-9218
-3233
-14657
14076
14010
-1342
11729
12962
9399
-8433
5579
-14633
3083
-14883
-13290
387
-1666
3682
-6138
2521
14678
-1194
6118
-12624
-12677
-10421
-678
12264
-1907
7954
-3823
9469
-4366
-11690
-11531
-6648
3919
7185
-14116
13
1681
-5877
-7222
7969
-11523
-14284
6544
795
10579
-7225
-12538
-11982
3693
11299
-9805
-12054
8847
-2464
-4522
-6431
-9904
9061
5851
-7271
12226
12496
6740
-10749
-7359
11768
-13103
6094
5164
8676
8919
-11779
4807
-273
2589
-5045
8870
12829
-10895
-1031
13083
4325
-5440
-3086
-10361
6656
940
11441
1894
12732
7299
-8362
-13980
-4981
-5638
-792
-1214
5603
-4816
-11302
8605
-14221
-9284
-1056
-853
9581
-10272
8017
-12079
-2446
-6394
-7720
-7660
12400
-9933
8149
-12100
-14166
-6917
1585
3005
-11816
5367
12263
4831
-1349
-2546
4062
727
3060
5314
11859
-6168
12155
-14907
-12402
14130
-8539
-6838
-8560
-12878
-4964
-2373
-11001
-10779
-4462
4272
-10571
-2267
-14367
5304
6178
-4135
3311
14337
2482
143
1196
14695
13681
5228
-14821
-4505
13243
-3457
-4359
-7576
2885
-10613
-8204
12587
-6374
11321
-4444
9647
-9270
-4243
-560
295
-8636
-6425
-11835
11127
9610
-9254
2196
10242
237
10060
-8474
30
13346
12108
-9780
1795
8139
5375
-1705
3643
10743
60
-11684
12247
12041
12847
11059
94
-8075
-4369
14532
-9100
5249
-10545
9409
12861
13294
14545
-4785
-4725
2883
-12383
6286
-5940
8350
-6015
13448
-14568
-9664
-315
-11313
-6684
-14254
-5446
14691
6423
13902
12097
3263
11136
6023
-600
-10888
8094
3825
11645
-4781
13425
-6060
-10195
5408
6119
1286
5376
-8525
-14734
-4985
-2813
-7901
5994
-5390
-819
-6221
7671
13109
4784
-8234
-2670
-10953
9686
-8911
12591
9881
3716
-6218
14206
-2068
-8664
9024
-1517
-10883
-3813
12404
11466
-8213
12078
-7318
-13450
10217
7622
9262
-13018
-10088
7218
-1650
-8074
-5845
-7793
14535
-1427
14705
14671
-13462
13901
-3343
-6368
-12756
-4920
11778
9844
-1197
11842
-14412
-6955
-12078
11984
6683
11252
8738
3305
-3177
-12075
-2113
1639
10059
-7954
-5859
11596
-3155
9912
1299
-9878
-7107
5749
-7882
5181
4471
-8189
12136
2223
3144
-112
-2630
10384
-6107
1369
8961
-5470
-4939
14239
-663
11853
-12026
-12747
12007
2646
-8645
-12287
11422
13298
-11014
-4892
-5194
6373
-3195
3087
13450
5536
-5965
7935
2690
-11236
4093
-6530
4200
6891
-8933
46
-316
-7095
14917
1942
-9780
-7220
-178
9690
-13293
3087
8728
-3574
-3050
13570
-13839
-2149
12584
12264
-1965
11316
7955
2198
2869
3963
-12437
10434
-10496
-231
-14693
-3270
2412
-12050
-5804
-4320
-5837
-1420
1022
7936
-12110
-1807
13383
-2074
14568
-8028
652
906
3648
-6514
-10729
9383
4478
-8233
-5009
-8617
-14810
-13297
-5793
-7969
-8978
-1246
-4662
8685
-4716
-1542
-6972
-7099
-14134
7993
-4744
-13398
6001
-4379
12954
1312
1487
7218
-4507
2225
12068
-8380
-7460
-14810
-7688
5706
8800
5268
-4706
9274
4348
-14317
-4356
-1195
-12592
-4117
-4141
11725
-11441
-14866
4723
1895
11883
-13389
-9380
-6522
-1004
11964
13919
638
483
4309
-1739
-12246
14236
2825
-6844
11068
-13394
-13659
-9275
-11189
-11159
301
14680
-13036
2083
-10298
-10310
-9383
9770
8761
7835
-4614
1986
-5291
13053
-2110
3804
-13735
11785
-5087
12605
3805
6688
13426
13638
-4450
-3828
-2440
-3854
6617
-12436
-14140
-6364
-259
10982
-1967
9810
-11063
12
548
-6612
5798
5280
14694
12062
-7275
-8782
10155
5395
9039
2104
-10239
-7110
14716
6939
6678
4236
-1873
12745
-7724
4699
-3202
11284
610
13115
12670
3475
2106
-9481
-794
-13436
7108
-14939
5964
7126
-2760
-6989
5351
-8538
-1377
7430
12630
-13173
-9611
-4200
-3345
-7201
-12820
920
2671
10514
14163
4707
5883
-3089
277
7438
9344
-8928
-2589
-391
4762
-5622
1161
-13043
2228
7671
-10344
-4475
1838
-11187
-14117
-9204
-12731
-5029
-1946
-182
-849
10521
7336
3017
8110
-7350
11921
14787
2613
-4162
-7547
13901
-6450
1297
5098
-1112
10165
-13822
-13764
10630
10665
-13226
-3441
-7516
6410
-8484
5564
12710
-10558
14211
-1914
13207
-13606
-11313
-5544
11511
134
3244
14993
9275
12270
13787
3951
-12330
-4625
-10439
13046
14253
3744
-10366
-8693
-10782
2555
-13897
1949
-9348
-1595
14625
4893
12109
-11732
-7142
-2905
6553
-11155
-543
14122
-2629
-3646
-12359
-8598
-13291
9324
878
14272
9812
10799
-13540
-7209
7667
-3132
-6187
2699
3209
-9224
6725
-12823
53
10544
-9029
14262
-3401
-7092
6477
-10273
-5928
-9485
-1354
7217
900
-8850
11101
2639
13458
-1519
-4199
9955
7012
-12270
4931
95
13886
-12683
-13640
9565
5026
11713
12751
-14690
9010
-13359
7309
-5500
14762
985
8248
-14939
-12214
313
1685
2798
-12596
9179
-856
8637
-12498
-1937
9574
1466
-2735
12447
12651
-10943
14968
-11830
-5495
3115
8281
2354
13948
13566
-3309
14651
-10652
-11090
-9659
-3015
-7631
-1915
3715
-5103
3936
7091
-920
13183
-5194
-3979
-14937
-5070
-10807
-4947
2168
-14043
-14837
-30
10814
-13556
-8574
11065
-8517
10464
12548
6722
415
-14173
13036
-69
6722
4408
-6661
-13569
6904
3184
-9284
-3976
-12044
-7145
-6908
-9671
604
12797
8628
-3041
5448
-5203
-3181
-7334
-9822
-9476
10150
-9334
-2076
-2878
-4808
-5819
-9134
-329
10859
-13568
-7111
-532
12572
9152
-11616
-8291
-2810
-1898
9905
2156
-9186
-10026
14373
-8258
-14420
-9890
9616
-8871
-9448
9509
-11381
-6621
7686
13915
8428
13433
-14426
10749
-2716
-12587
10114
173
-1616
1961
12108
-14242
-3170
6633
12601
-379
-13217
3648
-13796
-8257
-7899
-14705
-9005
-1080
9608
-3308
11751
-13987
-6913
101
12484
-6709
-9507
-12997
13811
-6386
-3138
-7870
14408
-2904
13010
-9148
-2578
-5571
-11443
8138
-1295
480
-12409
8668
8094
11471
5637
8139
-7796
-7182
432
-7599
9175
1048
-14298
-12681
-493
9093
8816
385
4587
-8508
-2222
7218
-9863
-1373
-6826
9988
-8259
4827
-11834
-10688
-11523
-5938
-84
5691
-575
14790
-11171
-9071
6799
9542
-10279
-12475
-12178
-10765
-9289
-3866
2437
14103
-4670
-7923
-1504
8626
-9184
4107
14315
5465
13483
3810
-7984
-7438
-5127
-7306
8474
14888
-1899
1463
7342
-214
-2098
-3989
-9759
-3407
10282
11311
-5301
12002
4944
-238
5451
1975
-4913
13569
-10070
12990
1422
5810
-10924
2283
-12218
-621
5457
-1616
-4608
10045
-5040
12082
14334
10597
7397
1283
-518
1577
3694
14675
-2682
-11380
9717
6204
4576
2679
-157
-8398
-11810
12375
-4475
10071
4859
-12659
13844
7499
13797
-4017
4029
12525
-9626
-1630
-9040
-14678
-11665
1995
-6142
-3269
-8399
-9689
-12989
1039
-3443
-11272
-5246
1275
-9463
13766
-10872
-12005
-771
2988
12806
2092
8496
-8665
-12735
-8262
11768
8625
1936
955
-10269
-12998
-3636
-10145
13306
-7536
-2409
-11474
-13423
-13895
-12126
9742
-7899
8954
4915
12715
-8008
3558
12973
5290
13302
11930
4628
12839
7659
14655
-13866
-4641
-408
-10533
5900
-9961
11533
-9066
-5670
-6558
12054
-14729
-671
14040
-13778
10181
9949
-1915
-1678
-11479
-11985
-7929
-14670
-8241
-14792
-3865
-5241
-223
506
-2345
-8578
-10291
-13328
13293
1874
-5642
6401
-7874
8884
2752
12005
7184
-5291
-9941
6697
13699
9214
-14342
8499
-6487
11083
-11842
8620
8059
-3792
14765
4525
-1288
8397
5617
-2228
9999
-1606
-4342
-9571
-11987
1514
14750
1382
-13864
11020
-10113
5465
-12062
269
-14284
-5517
-7056
13617
3906
1401
-1938
6420
11527
-11381
-12893
8075
8661
5013
-14828
3320
11893
3103
4345
7556
2575
14974
6199
-6472
-12551
1449
-13366
-10100
1682
341
11773
10409
-12583
4451
-8194
13700
9787
1979
4329
8459
-9029
5878
-7559
-8815
393
1429
10136
2269
7446
6018
6518
-940
-7294
2973
-2863
4741
12608
-60
-4644
5154
-14470
5511
-6839
-9924
-11683
3229
-3300
-5390
-9745
-14683
-8224
-8878
-4293
-7533
9117
-10682
11555
-8062
9105
3971
-8652
-13578
5074
-14751
5360
7118
3240
2686
11863
9399
7702
13769
5252
-9385
7958
-2530
-9718
-4550
13461
-10450
6230
10602
6645
10617
2360
10858
13415
-1852
-8707
-1146
-12069
13390
-10330
4395
-10815
-14952
-1817
178
3508
-12514
5123
-1696
3704
-635
-4711
8848
8668
846
-4282
-7454
13903
-9206
9887
13671
-3044
-6614
12650
-8778
-7895
-12790
-13149
11597
13064
6261
5049
-13570
4704
-14436
-2108
-9001
4430
8427
-3722
-10570
4336
222
-9592
1530
4109
-13209
4163
13221
9748
-401
-14966
-8799
14695
-4148
-4324
-8128
-10770
-1630
5929
7195
713
774
-4328
-6730
1213
2698
8507
14926
3778
-321
-10463
13896
-7964
-12912
8860
-3672
13682
-13585
-1011
-9721
-9845
-13258
-12847
-11829
-10549
627
-1815
-12602
9203
-7804
-4941
11344
-11768
-1332
-12339
-7588
-3891
8804
9270
-5498
-12198
-2828
-5932
8503
6526
5785
-1611
-6101
-5712
-9601
10150
13765
10203
-6711
-6791
5428
2537
44
-12415
-9845
-968
10847
6252
-13908
11493
8529
4471
-8543
-14503
-13812
8697
-4496
9588
9804
-14821
14488
-12638
-129
-12156
-6103
14213
1352
11909
6227
-10589
-14048
-6399
13757
10891
-3026
416
1263
-1886
110
12976
8291
14705
2457
10863
5033
9418
14930
-4698
8840
1437
6186
11550
12366
-14114
2611
-6229
5109
520
-895
-1361
9981
1385
1503
115
-1903
12711
5506
-13288
3813
-14213
-9392
-10752
4965
-13170
7156
5985
-14904
-12304
-1679
-40
-4727
4285
8768
4612
-8263
-13478
-6210
11576
11953
2225
10405
14947
8587
14922
-10704
12347
1067
10028
4809
-3191
13382
4928
-10807
-5147
-7659
8028
1747
14556
-11404
11910
-12165
13165
14071
-10371
-485
9596
12381
-9115
11764
-12648
-6615
4233
11372
6190
14760
14991
5460
12042
493
-4780
-2662
3005
9735
8611
-10140
-709
-11510
-13764
-1561
4098
-6842
10210
-10612
-8462
4816
-8556
11
-2818
-14393
-13425
11354
8779
-10814
913
2095
-4733
-9628
14586
-3729
-9089
7323
-13355
6832
8760
-1633
-7364
-7445
3795
5443
10689
446
10577
-10928
4938
7262
7985
-2746
-12521
-3286
-6891
1518
-13749
9336
-10028
-8793
842
9845
-10759
11987
10660
-2051
-4188
-5617
-7368
-5501
14784
14144
10960
6805
-506
10875
-10233
-6501
-11305
8423
12123
14353
-11369
1420
-7115
9759
857
7748
-13152
9536
14217
-7894
-5059
13005
12615
4346
864
3722
5472
-9485
-10091
921
2433
-5765
-10457
-1622
-5588
7857
11742
-3827
-6599
1228
-6776
-14765
9979
-13910
-4165
11047
4646
-14291
-14913
12401
5035
-4912
-11879
-13092
-5716
6784
1121
-3724
-1687
10368
12238
11625
13924
3374
11913
-7494
-75
-3421
-14784
-8873
14666
-232
-134
6869
11311
8334
-12966
-381
-10107
-8970
-2299
1188
-4279
-2753
-12759
-6567
-9848
-4763
-7351
6665
6770
10392
11775
6568
-9038
10788
6397
9277
-7191
4827
4938
8908
-17
-828
-365
-10087
-11800
10551
-8245
-7446
7713
9681
3257
2739
5334
-7084
-10365
2030
-12212
-771
3055
13130
7471
-10733
9125
8450
-7770
-2390
-1185
14080
12333
9864
-11981
-9151
5523
-12748
9085
11037
7830
13751
-7325
8726
-8669
-2335
-5288
4469
5741
-14997
4612
7666
-6859
2629
-10270
7687
3552
1313
9577
3713
-8280
-12835
10580
-9065
2187
-923
-5501
-942
1250
2843
8692
-13492
10672
9461
-3384
-13241
-7216
2741
-992
-9315
3708
14328
-2474
12910
-5906
-2636
4897
-7181
-5483
-6039
302
-6501
5046
5519
-7333
-7365
-7990
-14692
-10553
-9622
11215
2655
-4634
-5760
-9628
12838
9504
6812
2154
894
-1067
-2842
7541
-9947
10868
13756
-1911
8410
5224
-13126
14533
-7665
5035
6669
-740
13688
12996
1389
-11377
10024
-7932
-13186
-8188
-10775
1713
2223
-6591
10623
11234
11549
2933
-7898
6875
7501
9417
9958
10209
-3857
6906
7464
-57
12260
-12641
-5657
-10341
9191
-1858
-1438
-11638
12164
4071
1198
6021
7798
11841
3964
5680
723
-6602
10735
2486
-2927
4986
9691
7498
-14751
10788
-7697
13332
-5442
12640
351
8564
-9551
948
7898
-13627
-1244
-11012
12562
721
5816
13487
13860
-10884
-561
10938
-6741
-2575
5320
-12040
-7973
12744
12526
-13819
-6332
8815
11769
-1434
12904
-14436
10354
6049
4709
3691
7521
-9191
-4014
-7379
-9556
13675
8050
-4560
9695
12804
8212
13692
-3891
13446
-1563
-7752
-653
6952
-14728
2871
6762
12357
-3460
-5263
9589
1739
4072
529
3773
2861
1978
10787
804
1280
551
-1243
14400
1729
-10772
5987
-2078
-10859
-1272
2605
11293
-7452
-4984
10286
9029
14397
-5118
-425
-11987
-6429
968
7098
11572
5459
475
-2996
-5402
-13542
17
-9765
4285
-9502
1650
-2852
8678
-11838
9737
3418
8229
-12809
8562
-11061
3770
-4986
4411
-7521
13609
-4746
-5353
-9218
9743
-9586
-10632
2979
13336
8582
-12279
-12373
-10513
930
9240
8214
10626
3369
6102
42
14978
9725
3480
4266
-13441
-14022
-11595
-6154
-3750
-14591
-7307
-14715
-6355
780
-311
-4975
12693
13956
-1948
12909
1527
1211
10732
-7498
-628
-3755
12508
10676
9561
8210
12951
7191
-12608
-10275
14155
-1060
-13763
4957
-10270
10978
10477
-4145
12447
-10166
-67
-10411
-4310
-13958
9306
7743
-14107
1171
11452
-154
-9699
-2126
14886
6556
7871
13780
583
-3633
-13200
13611
-3158
-204
-2746
-11766
12849
14340
-1683
14056
4068
-13803
-1671
5682
7220
1542
-12801
-2526
9288
-11649
-7316
-8476
2795
-9247
2847
-7800
-5833
746
8728
-14786
1212
3101
-11657
-14806
10592
-10114
1029
5268
6170
6651
-7636
2122
-3734
-4338
13745
-14197
10555
-7063
-14940
-2352
-14633
14288
6473
8143
5605
-11879
-8589
11050
-13366
-7714
-2717
11286
-2606
-11220
-226
6577
-12831
13787
13949
5628
-7533
-13876
10766
5416
7673
-11381
-6582
-2700
-1555
12951
-14219
226
11846
3103
4477
2057
-8724
-8168
-11385
10686
-11244
-5495
-3425
-6639
-2616
9722
5260
6134
7392
-5404
-1936
-5031
4401
-13885
-3455
3491
-11341
10362
-6314
-469
-13349
-6753
-13179
212
-3811
-4095
9906
1554
11006
14424
-12301
-4686
2826
-8325
7747
10526
-4088
14725
-12297
-9979
-8705
-12366
-9739
-6693
-13472
11804
6641
-12879
-1746
-8369
14881
13794
9622
3969
-8697
-7488
-14188
-12335
6768
-14880
-14719
-11512
5034
4842
9806
7413
13175
5820
12465
-11788
8312
-6959
-905
2433
4449
12623
934
14846
-4049
-12932
7223
-4853
-11045
12842
4205
-4698
-7943
-4228
3528
-7355
-6277
-9673
11466
-13407
-11430
5857
3810
-11495
14972
-5681
13224
11762
4728
-3754
5419
-5398
793
-4647
-380
178
2082
-6883
-8900
-2272
1773
8200
-4672
1164
2256
7772
-7695
-5416
2362
11530
1817
-3138
8134
2541
7661
-12924
1796
5248
-11424
10371
115
6082
-4897
935
-5932
-9647
6767
1924
-9205
-5272
-7456
-10825
-6869
12752
13466
-7007
9600
1277
-11379
8386
-312
-14307
14945
11374
-14877
-1802
3594
-5518
8123
-12223
-5382
13482
11844
-8640
14296
5265
-9065
-4345
12401
-10609
-10821
8512
5977
3406
10624
-6011
-7916
-4637
12779
-12989
-8610
11473
14230
8831
841
-12208
2995
-14805
9918
-2062
4481
-5757
-1180
-2417
-3335
-14081
4978
-13025
-4539
1597
-6702
13543
-3213
10712
-4897
-1205
-8318
964
12598
-9782
1709
-13563
-2868
2355
-2416
368
-2509
-14735
-11424
1460
10406
7136
13994
-12910
-13809
-9769
-6979
886
11173
3982
-4092
178
-6619
9355
13507
1533
8505
-1404
281
7417
-12214
11365
7051
13795
-7646
11574
7194
10733
-1675
5121
-5460
14966
-4799
-11535
5500
12483
-11688
11636
14044
-4714
7567
-12185
2087
-14088
-13927
-8786
309
761
12187
11898
8206
2153
-303
12423
-10882
-6097
-1990
14951
352
5492
8251
-10679
-4091
3495
5128
8304
13024
-1
3473
-7788
9479
-10707
1925
-4349
11394
-12683
-4343
-1430
-10724
3265
2540
12870
1404
-4522
-13855
-8248
1133
578
6112
11521
-3360
1480
4853
-969
840
-11349
512
-6451
14673
-10267
7176
-4802
11895
-6489
11409
6470
14624
-895
2760
3415
13976
8665
5154
-12332
11225
12733
-824
-3989
-14121
-4384
-14569
6547
10683
654
8367
13249
13513
-1310
7356
-11812
-14348
10921
7814
1304
-585
-3980
-7629
-6453
729
-10319
14034
12390
10293
-5907
-2312
11479
-7014
2311
-1567
-1642
-2864
8917
-5359
-9740
13082
46
-8313
-4819
12916
-2457
7658
13141
2040
-12964
-3454
779
-14043
47
10040
-3437
-7000
-4466
9387
-6051
-13740
-361
-860
3339
-12995
-13818
6699
-1233
-10976
-5209
3102
-13370
427
9093
3235
-8312
-2816
-6849
3748
-9155
14848
-4529
-156
7894
-9411
389
9522
-2493
-8331
11900
2450
-4661
-2405
-9639
-2302
-6555
11833
-9736
7212
10594
-12215
-8557
9840
-4058
-6904
1365
7907
5211
13950
-13622
6849
10969
-8837
2142
9774
-14438
1212
-9049
-10390
-14657
2067
-14596
-3403
14167
-13468
11005
-11307
-5405
-14079
-12179
6628
6736
7823
-10888
6590
2923
1923
7015
-5025
-4179
12822
6874
-2519
-11020
8590
4411
12059
-1372
-6447
12364
-11208
14952
8831
-7140
9332
-11716
-13588
-3694
6682
6072
-3836
2451
-12546
-13017
-11497
-2483
10528
-11545
4336
9092
-8806
-10584
12617
-276
-11817
384
-11142
12667
-5598
-4369
2071
-4602
9721
10219
-1074
-4302
7226
6617
-8565
9339
-8881
-12888
859
-569
-14036
-7110
4086
-13307
-7189
12982
-5146
5152
11121
12585
-14061
4670
-1520
-9558
-9893
-11879
-13306
3250
2530
13082
-8662
-8640
-9699
7734
-13056
-10665
1953
-90
-10717
4895
9966
9792
6343
-1099
8
-1040
13409
-12478
-7806
10852
-11155
9292
8077
-10293
13604
13643
-13039
-5560
4075
14424
957
10952
12477
5121
1100
-14362
14255
1341
9780
14759
8428
12505
-11407
-8762
6143
12853
14808
-3105
-6672
698
186
-2817
1204
8039
2299
-4462
-8465
8784
1006
610
-3298
-14319
-2092
-13274
1526
-12742
2120
-860
10346
11523
-4113
-7168
-10837
13762
1148
-10925
5407
8675
-1827
-10537
-1347
11680
14585
8175
-2859
-5143
-9410
-9746
10307
-1299
5346
-8790
13129
4682
8200
773
662
12333
10727
-6888
14103
-6977
7608
-11333
-11596
-14010
2058
8410
13474
-3702
13659
9735
7891
2181
2275
-402
7539
412
7560
-3498
-14369
-11040
-8235
5499
-13066
5273
2000
-5153
-5576
14794
-8965
1269
12245
4713
8312
5625
-3568
-2155
13476
5535
5391
14714
638
-11663
-6148
-10701
-11328
-7879
-5905
-794
11470
1979
3803
7238
-12649
9473
1400
13754
4623
2017
4125
9278
9590
-7615
9811
-9464
3662
-527
-2557
1220
10786
-13075
-8025
-2029
-1466
9869
-5049
9162
199
-7299
-923
375
11250
4690
-3866
-8186
-993
3834
10170
-10455
8070
1736
7723
-550
-287
-12005
-13433
9640
-6196
6246
-7882
6621
-12428
-2519
-11609
-3752
-7661
5805
-12108
-11731
1602
7557
6177
5672
-8151
13528
-8882
-9715
7177
-14674
7063
-10395
9963
-14145
-9263
10736
1622
12807
3085
12822
4448
2971
-3812
13467
-8596
4832
-5517
13919
7283
-7342
-11574
-8356
-12293
-4879
-12298
-2955
10099
-5206
-8993
6592
-10636
2577
-11008
11247
-3090
-4791
-12200
13911
4769
-12221
135
-13026
-8011
-6569
2104
11174
782
10534
14726
2602
14747
-9060
-372
-9033
-12466
-2504
-6258
9568
-4594
-6634
-248
11706
-10526
11367
4228
6133
-12753
-6920
-11118
1901
-382
-6108
10089
3881
-8197
-1152
8292
971
10917
-4281
14795
1047
-11249
-6265
11698
-3512
4064
12047
13022
-14917
-11371
-10727
7578
8313
-12006
-8215
-12571
9635
-12590
6051
-14269
12737
-10649
-13859
-7711
7992
-3474
-211
3219
-5529
-13931
-8999
-14341
8090
9544
-13999
-11216
1603
12719
10170
-3955
447
-51
13578
-11371
1029
2573
13413
7184
-3446
3997
-3263
-8185
12485
8787
-8330
12757
-365
4405
9267
62
-12875
-4795
13753
-8888
12955
4111
5794
-6352
7103
10536
4263
-14390
9841
2094
8285
10115
-11315
10983
13040
-9310
-14010
-6318
3520
-13797
11274
10614
9141
5968
3937
5132
-12429
-14492
-9509
-14086
6881
-830
-11459
12460
1457
-13317
-6486
14728
1701
1523
5650
5090
7617
-14231
-9573
-6272
11521
-1870
-2073
11227
12322
-12087
-14985
8620
12728
-10177
8655
-11082
5069
591
7531
6018
-10610
4871
-10940
-2161
10778
-14573
-4632
8536
11868
-5016
-10959
8075
-4241
-13201
-13019
5741
5005
-9841
-7507
-2955
9592
-3245
11299
-7509
-7283
-7489
-11097
11927
7880
-11572
10509
-2082
6159
8233
6212
4980
-45
2445
-3902
-11614
-12028
-9611
-990
-12341
-14565
6554
13179
8392
1454
-7751
-2395
14133
13562
1934
1902
-1522
9480
13938
9761
-817
3126
-967
-1789
9098
11597
5815
-14187
-13847
8629
-4070
-10277
-14353
8261
-14562
13927
-10211
98
3767
3177
-13971
-11778
3333
-3672
-12601
-7226
-11074
-9701
-5258
-8822
-4525
-5885
96
-7082
10695
14540
12232
638
2929
5788
14287
-10172
-3359
2112
-3031
4758
1456
-12944
3501
-13895
6737
-14734
-14944
7507
-13872
-7617
-13851
-7722
-11951
11316
9114
-84
-8321
-3273
-12837
-5682
-13523
-6804
-14314
-7196
14026
-998
-5589
-14776
9016
8126
7019
11802
-8521
2481
-11953
630
7337
-4969
-3405
-8133
-1039
9487
-606
-2018
-11280
-984
12560
6652
-6846
422
3617
-99
-14674
-10555
-13908
-10717
-884
2949
-10849
4650
726
4813
3999
3641
-10146
-4562
13194
12442
-8805
-11772
-10189
11789
1577
11612
10898
2847
13530
13812
-781
12322
14812
-14873
-14587
11946
10525
6931
-1012
13158
6616
-938
7500
2830
-3504
4038
1930
-1833
4998
-391
8268
4027
8359
-13223
13558
2635
12987
-9362
10056
1284
-3480
-14222
-10067
-5838
-12339
-11419
-12989
8466
13791
-13963
-10921
-7794
-6230
5334
-13826
-5819
10600
-7839
-3403
-9534
9199
5090
-9783
9214
-9006
-6813
-1895
-11976
11780
6040
606
-12881
13015
9357
-984
13534
8568
12929
-5429
3656
-11183
8596
4440
-11623
7813
-4292
-5644
-11261
-2759
2615
1140
-14128
-10961
-2375
-6783
2192
-3914
3550
-10039
-1542
-6572
2145
-4164
-3316
-616
-11966
9156
-11212
-3003
-5370
2668
-8573
13334
2995
-3851
12144
10254
-5808
1124
13167
-6480
5836
14097
7981
-904
-11549
3019
-13374
11070
-7173
13
-8370
3549
-9552
-11154
-13917
1601
8953
3282
-197
12284
-13332
12240
-1745
-1039
-14767
14148
-7444
3831
5703
10136
10080
11407
4195
-1721
-10628
11676
-11461
-11999
-1683
2541
-9483
5203
3410
7445
2660
2385
8400
-13979
-14381
-12544
-4202
-6403
4567
-9720
-6817
-5553
3070
-3689
13750
-5651
-11058
-13934
-14469
-1011
5408
-295
-4955
-13700
9019
-3834
5882
5625
8475
-11965
-4938
4556
7035
-7469
13803
3055
14097
-8578
1103
-3587
13033
9371
13286
7460
8676
-13836
-3626
-1679
-3502
4201
8869
10259
-9472
3592
1756
1728
-14764
-1112
3681
-10695
5802
12802
8445
-5013
-2546
-5848
-12471
-4625
-4040
-3904
-1446
9435
-7857
-5834
8146
-8255
-9691
13200
12134
-14788
-12424
9685
2263
-6569
85
-11722
-10234
11819
13936
1090
9116
10929
545
-9186
-12640
7499
11047
2092
14382
5557
-11115
12634
7607
9720
-3232
-3836
-4448
8857
-1148
13709
-11088
-9926
14426
-12466
-8841
-10623
-2162
12223
12894
2750
12795
6845
8037
3167
1028
4463
2050
8259
-12321
-11149
6646
-4813
-8819
-10987
-4474
12111
-6255
-10699
-13368
9901
-12102
3019
-5064
4229
-8225
508
6889
12025
14536
-3735
1232
10406
2219
8066
-9714
-13451
-2563
-10313
-3486
4664
-5048
13861
6539
3245
8578
-3556
-14330
6721
-7635
-8274
14107
9588
-13519
-6966
7481
5637
6205
-2783
11048
11707
-9806
-12928
13786
12713
10689
6008
-1273
7924
6625
-12445
7040
14397
-2505
-2077
-13481
1941
-1762
-663
2721
-6905
-1819
11178
-8368
-13388
9070
-14400
-14107
13376
9888
167
14477
11344
-697
-3613
-6643
13233
10513
-8260
10485
-5203
-14809
-227
-4576
5896
5580
13550
3316
3461
-4435
7381
-9252
-5752
-13730
-12319
-14330
-5251
13620
1107
-4073
3424
-1971
-1711
7723
-4921
-5449
-4551
5986
-7011
-13130
-2355
-14770
4239
2799
-5068
5785
-6119
-11834
8996
2041
5159
-6723
12510
-8960
-1523
12250
-4436
1968
-5864
-630
-6154
-13576
7515
-3899
2792
6997
-3071
6245
-2963
-12003
7827
-5201
1357
-8500
-4743
-11123
10714
702
11949
-1294
-4792
1891
-14508
-397
7693
14859
-5909
13591
-14327
-8244
1637
11933
7441
-12235
-10206
-1525
-12978
4531
-9212
-12889
-13398
-3467
1479
-8711
12770
-9134
1999
-1817
-2017
-6435
-12509
1258
2901
-223
-10217
-2070
-4513
-8673
13743
-10474
11618
-2695
6418
-2269
11057
9426
4006
-4874
11333
-6620
7212
3185
-14327
12158
-8417
-1566
3268
7197
9485
7886
9948
9457
5794
-5874
-9520
-4172
8537
13809
-1054
5088
4573
12628
-9658
11968
11170
-6466
-10878
-5223
-2421
11771
-8859
-6593
-1767
-6988
13781
12062
-6286
-5975
11865
13580
-10619
3419
7952
1969
6012
782
11969
12770
10542
5554
-2073
14917
14488
-759
-2773
-7705
-12577
6096
-1981
-14653
-7872
10338
-7733
3709
10963
1263
6647
445
-8865
9849
-3133
9121
149
-13375
-4094
13886
-1831
3489
1282
13529
13132
14270
14076
-8947
-544
-5506
1652
3910
-5094
-11930
490
8745
2128
14020
2180
13439
11900
10926
-11882
-11969
2443
-1489
5001
14210
-4446
2137
11603
1614
-2395
-4769
-7715
9153
-14791
-13261
9728
-8636
-7664
-12408
-3594
13405
-14973
-12704
-7805
14748
-4485
-14289
-10811
14817
-3658
-2162
837
-12184
-10047
2097
-9285
7942
-110
-6183
-13328
2562
-10769
11529
-5883
13920
5193
13910
8354
-13409
3650
4465
12582
-8094
-4033
7872
4614
11229
-11365
-14108
4042
-8673
13148
-4042
-1670
10900
6193
9154
13156
-2677
-192
-10703
3981
-4750
-10436
-613
13874
10567
-8391
11103
-10534
-4225
-5169
-4134
8249
1725
3853
3902
2398
1899
-8778
-8704
10935
-3864
1800
11273
11528
-5625
10800
-13139
-4322
-13974
-7466
-6418
11437
13728
487
-6857
14255
13893
1607
12998
-14123
9800
12584
781
-2315
-12148
-7045
13883
3086
-11408
-13102
1675
9912
14929
-5274
13629
-4152
109
-7335
-798
-240
-517
-11825
-6963
-11893
-14868
3646
-13698
-7854
-6846
14789
-12786
-9200
13107
-12551
4061
-11965
-2308
-4289
-4807
13199
-2338
-5958
2320
12122
-14882
-14302
-1102
-7803
6970
-2187
6527
-10662
-5893
-13953
-9229
-13395
-1514
11212
1099
-9020
-5111
2848
11882
-3845
11616
-9764
10674
9357
14550
156
74
9294
10390
6644
-812
4427
229
8574
14121
12249
10950
1496
13851
-6208
9888
3065
4798
-14398
10877
13026
-4669
-12323
-6594
5200
10555
-9462
-10858
8765
-1180
-13088
12817
6712
3005
9996
-282
6019
-1642
11259
9465
-774
-10162
-404
10593
-1221
9998
-7476
-2956
-5696
6221
14103
-10247
-8335
5939
8769
7177
2324
1947
7383
10036
6773
3664
-10168
10162
-9381
-14697
1151
11206
-4566
12639
-14198
6829
-14285
-14898
-12420
5411
5250
-5447
-4133
3672
11190
738
-11602
8811
4233
10114
-10048
12272
4207
-5165
14482
3930
14607
-8279
-13071
9452
2308
6866
12307
5055
7166
-12946
-11455
11074
-11616
5388
-8804
2845
1989
-12889
10629
1923
10243
-13887
-5844
-4142
752
10422
-6677
517
-3685
10295
1747
3250
-4590
-1475
10742
-9045
10907
-13110
9255
-4650
-8007
-7841
-12308
-8976
-13128
353
-3123
14386
-13846
-11875
-10114
5358
-12012
6805
9609
-6144
-12940
-514
-14764
-13599
14812
-11301
14508
11990
-1523
12674
-11889
-9018
11749
-6389
13680
-5147
-10786
-13436
3586
-9129
-4937
-6601
-1305
7973
11081
-5893
-2988
8417
14469
6666
2548
-8298
-6565
-2648
-2885
13778
-2235
5116
-10065
-11288
5364
10287
-9145
-9298
-10047
12025
12859
8202
-2543
-6682
-1357
-1443
332
6315
10421
-4668
-8328
9445
9653
7619
-6195
-11313
-6705
3332
-9833
-471
4877
-12449
12501
-4589
1526
-7952
7919
13947
10042
4891
-13449
-13051
-14864
14213
8414
-13890
7388
-14724
12799
6736
-7788
8298
-8940
11823
-5593
-4835
-1378
7219
2375
-13214
-984
3795
14311
5005
-12629
-8616
12541
-3410
-927
10548
12137
-14624
-8028
-49
-9936
9870
-2199
-11628
6120
-14478
-7684
3101
11759
14530
-1853
-10738
-7348
-1202
-12493
-5521
-4750
3831
4927
-2442
9508
-1048
12009
6048
12225
-8180
6004
-1569
-6915
3232
3969
8813
-83
-5797
-14987
-12785
2463
2718
11772
-14310
14684
435
-13878
-14624
-9154
812
13174
8198
-6561
-2155
7722
7283
-7444
-327
-3620
-2858
14765
-9667
-12145
5998
1673
-403
-966
11087
-14741
12059
-6475
9579
8477
-1588
6888
3785
-6005
6850
6600
-13758
6239
9103
7585
-773
8988
5487
4157
-9679
-9806
-12874
13732
2461
66
9926
-4745
-6471
-7998
5224
-6429
-14155
12425
8522
-3119
12261
-369
-11177
-14046
-14976
-4065
-4428
7427
-8791
8320
118
5585
10275
5092
11760
-7674
-13558
-6110
-2184
10144
3957
14826
-14040
11654
3723
13683
-10718
3968
-6594
-14809
2781
-9835
-2458
8249
3594
-7043
11174
-1005
-4973
-160
6081
-3439
-4925
2378
-10993
-2853
5766
-7983
-53
-6867
13360
4026
2397
12221
-9086
-12988
14957
14910
-6903
-4998
-8391
-10663
13205
10814
5008
-7517
4428
-4809
-12036
-6007
-3423
5869
-4308
11662
4040
-10304
6327
-10668
-14251
-3513
-7812
-9139
7011
7142
-12233
1932
-7994
-1337
-7497
-10968
-1688
-8664
-12180
3972
2044
14466
7099
14876
-5275
-7072
10626
1905
-10419
596
-6773
10648
-5651
-9599
4991
3043
-4031
-3818
-10807
664
-5097
2787
-11872
10490
2134
8243
-10327
-9093
12406
5354
-1709
5830
-911
3188
11089
8969
-1927
-11532
9036
-2034
14517
-4575
-5032
-9360
9754
8728
1049
-11518
371
-8555
10669
4191
5451
79
6105
-14124
-14701
8445
-1444
-11081
-5555
13851
334
-10342
-1513
10838
-14866
-9529
-1434
-5253
3273
-10206
5207
575
3155
-8497
-5878
-1017
5077
5302
-6661
9062
14535
-2237
-7662
-5053
-9325
-104
-7816
7706
-11100
-6670
-13800
3950
10283
1263
4001
-14958
5292
2736
-13113
5115
8881
12392
-14001
10918
5741
6267
4090
14027
-7537
-8477
10635
-12163
8912
10864
-14982
5181
-2436
-8083
10371
5160
10170
-670
10310
-10112
1585
9752
3007
9979
9077
-228
6696
2432
-13728
-9888
9575
-3239
-13088
-11817
-1289
-11073
9011
8387
-9836
14072
11681
11563
-2126
5499
10029
11093
7002
5412
11316
2644
1788
-8801
14264
334
-1714
-4905
12144
-14317
-1242
-4469
5229
-7361
-9425
-13795
-4910
-12579
13590
12944
6381
-8892
-6808
-8238
-11203
-2119
3766
-903
7201
-6492
14043
7385
5262
6197
122
-3225
-9980
-7756
-3524
4231
-11424
11663
9907
1330
6585
-1384
14184
-13629
6913
-7355
2161
8833
12629
9275
-6826
-9515
4584
-7969
4975
-10262
7471
12553
-2682
-6299
6554
12841
-705
-2654
3494
3337
-6566
-4344
784
-8915
9170
13433
5834
5254
13178
-4925
-5346
12915
-5485
-3633
-8759
-11016
-11809
1317
-2014
7404
14903
-14731
-14128
-5207
-4065
-4569
2147
-8051
14731
-5157
5856
-6530
5418
12192
3687
-5464
-7476
-4099
6237
-13861
-3410
8489
1278
-3032
-14162
-4087
-1753
12578
4767
-5651
8312
2224
-14621
-3444
7582
13143
-6450
228
-3560
11520
11669
3484
-5148
-3731
5111
-3538
66
-8106
9649
-9125
-5685
1032
-10912
-7938
9660
-2858
-4621
-10927
-7713
2542
-7428
-7340
-14454
-11895
-9948
13145
5382
11055
5117
171
-4365
407
-2213
2812
-13314
-5611
-10371
10071
-14859
-13813
11114
-10283
-13549
12160
-13827
4572
-3885
-6422
10712
-6785
-1828
11356
-6447
9416
-13075
-12157
-9490
6212
14228
-13292
-11496
-14687
-10260
-7398
-5691
-13073
-7283
799
14186
9476
-14772
-11620
14112
13517
12539
8615
-10082
-3194
-4154
445
14310
4114
-9246
-12701
-12335
-8197
433
-6169
14537
9102
-11911
8237
-11079
10443
12533
-6858
-1050
-4993
-7282
13833
-340
-14508
14623
-13169
1483
941
13322
-5611
5146
13547
-12126
5762
9847
1924
-11654
-6713
-3714
206
6988
-3345
9068
564
-11915
-13565
5634
9521
-12859
-2218
-12161
-11061
-1020
10036
14617
-13562
8836
12175
9092
-1378
2506
3234
-10833
-11004
1427
-2516
-573
-8765
-9598
2113
-8830
13562
11897
12210
-2577
7319
-12896
-10222
5209
10061
-3339
5217
-2560
12525
12092
13999
-9036
-5672
3986
14160
-8990
11010
1588
-9396
-4297
-4293
7734
13537
5313
-2425
6579
-7000
6655
12295
-1634
-11749
9481
-3458
12645
7941
-10662
-441
-9080
-6026
7356
-10112
5280
-2777
4533
-7544
-317
1829
300
4358
727
-14529
12923
-366
-12520
12903
-678
-12740
-12580
2213
3514
-3846
5857
8718
4807
-5183
1119
11472
4346
-7612
-13602
1147
1386
-1227
7785
944
1736
-1879
-12757
14523
14037
-627
4440
6198
-10817
-287
-2336
-4857
560
-7061
-9098
12001
-2714
-11290
14876
-8530
5739
-10786
-4260
11151
-14797
-724
6088
-6390
6417
1897
8592
-10654
-10246
-6427
-11002
13737
-11447
5528
8096
12095
-716
-10651
-10662
-13499
11427
-11964
10907
-11263
14665
-9241
-12894
-4955
3330
-10193
-12564
979
-6578
9734
10078
8710
-10335
10101
-5334
-7843
11463
-3454
-6234
8929
12437
-190
620
12321
12398
10116
-10070
11192
8654
13174
-650
-12869
-12966
5004
-8667
-9267
7019
8040
-4851
1354
1188
6976
3085
-788
-4585
-4545
-4147
-5486
9186
7779
12051
2742
-8170
-13548
-6969
10761
7500
-9049
-7131
8347
6273
-2728
-9477
-625
13277
-12199
794
-8006
-5454
8430
-12572
-3713
10019
12207
13838
-5361
-5302
12434
9467
11053
8314
11197
-3448
9770
10736
10342
-9468
5583
-13018
7757
13118
7105
12309
-12383
1332
-6048
-14516
11662
12981
1361
-10712
6844
6421
14557
2965
-330
-5860
-7615
-1098
-3431
-1015
12402
7706
6304
6919
-14286
-1259
-4426
-1607
12596
-308
-13527
11969
-7590
14274
3557
7551
12645
7221
-6872
-5107
-4601
12504
7110
-641
9254
8467
-8890
-5343
1328
12335
14752
-9311
-12494
3296
7516
8219
178
6011
-13957
5949
-10609
5677
-13871
-5758
-7154
11052
13772
-3995
3451
-13200
-3362
623
-10236
-13606
3602
-11716
11243
-6955
-6468
11964
6323
14979
-3449
793
341
2369
5895
-4040
822
2403
8102
-13845
13449
-9893
5018
6270
12177
-11176
-11509
-10965
4757
-7255
8116
9701
-12084
13679
12085
5420
3663
-8347
14059
732
12537
7230
-13550
12683
-3080
-9884
13998
-2081
-1924
-3922
-11443
8129
-13259
-10313
1588
6640
-5568
10591
-7300
8557
11703
-10578
8537
874
14331
9727
-4668
12980
-13317
9506
-14110
14542
-8933
5803
11858
12467
2936
4519
3367
-11546
-5913
-6641
8755
-12353
2021
-874
9322
-8625
2207
-14047
-10451
941
14178
4324
-14450
-8276
-3152
-7886
7177
-8642
-280
3801
-5416
-12498
6494
7504
2707
-10133
7981
-10344
-13729
5538
2080
9918
824
4021
7337
8138
13975
11737
-869
5164
-10638
-13048
-7729
-3539
-410
-1780
10000
-8534
184
5360
9513
-13470
-14762
6836
7538
-6130
10859
-11034
-4201
-12069
8902
667
1313
9259
41
-228
-14480
-9938
-10195
-11434
1904
-4355
12626
6537
-7407
-5654
-14868
-1746
6025
3151
2476
-2745
12709
-4910
-2353
9681
8216
2186
-6145
10088
-5306
-1173
-4535
7726
-14579
2726
-5073
-3611
-7999
9362
-3718
-2707
445
10610
-5689
9985
-611
-9260
8237
5114
-28
-4537
3201
-13784
-2774
3769
401
-122
3386
8291
14639
-13893
-3121
7474
-1737
3395
1486
2
1213
-7244
-1698
3250
-1755
-13821
-12947
8479
10964
-10846
13962
11203
4332
2631
-6128
7238
9894
7142
3533
0
3103
-14181
3478
12562
4236
-7795
-7210
10813
-2596
-1806
-1396
5885
12875
-6760
6108
1642
-9087
-13396
3015
596
973
8370
10440
-13174
3322
-1388
12118
-13247
-10931
-690
-5963
2937
12444
-2553
-11004
2152
-6637
-6792
14332
-11270
-11575
13427
-5212
3922
-9814
-9293
-9811
-3215
-14625
6101
6377
4216
-12844
14079
4151
-3618
-12887
11184
-14686
-10942
-5021
12362
13676
-8279
-261
4593
13463
12064
4368
-6859
-10166
-9948
2707
14098
13564
13035
11696
12796
3999
-12153
3809
8515
634
11122
6076
8210
-2484
-11225
3478
-11278
14987
12117
-4303
-9702
3377
4147
6301
-9440
-9580
-12701
11355
8418
12463
2294
-1679
13965
11023
7677
-14486
4242
-2686
-4495
4385
-13093
-9795
-3774
1052
3269
9059
-13637
2140
7822
191
-9486
9104
-4038
2207
-12884
-572
14227
5429
13130
7490
807
3115
2647
9730
-12425
-5425
-321
5169
6611
-776
209
-13825
13138
-14249
10979
-6497
9541
3528
-646
-9972
3254
-8492
-6375
-4484
6211
-12642
-6815
3773
4938
-2216
-1017
-13508
-198
300
-5231
12666
4720
7351
4163
-13
-9020
7754
-12107
9350
-13497
-153
10725
-2013
12707
-1719
13994
13514
10382
-11623
9161
-12778
9123
640
-1985
-10811
-3560
-8451
13981
-13879
328
-10827
10310
-14276
-13328
8056
9868
-13299
-4074
-9083
9418
5907
-1864
-10007
11455
-13173
-3929
-12457
-12509
-7191
-6297
3138
-5123
10799
3401
-14964
5982
-14635
-3832
-2265
-10742
2326
-10894
-275
13701
-2347
9265
14738
-8220
-12310
-1457
4406
-7513
-6148
14390
-9078
-13035
-7971
2679
126
-2414
4257
-3649
9744
-14738
10057
1867
14307
6545
-7996
5087
13165
-14190
10112
-5866
-4399
14165
4658
-3570
-1736
-12499
14536
-7792
-504
4347
-8826
11660
-13042
-9375
-2413
-537
-4175
10648
-9285
8312
7670
8249
6165
11848
-5146
-4456
10904
8983
4897
4034
7340
-9851
-9767
-10063
-6030
-11814
-14851
-7339
-1792
14811
-11849
4895
-2094
9572
14621
8849
-2403
13256
-1900
4430
13962
2616
729
-7287
-12472
5067
-11809
-994
14392
-14995
-3851
6074
-12941
4510
11486
6791
952
-12094
-9237
-10098
-866
1559
5003
512
-6650
-260
3500
-14427
-14820
9370
-7480
-6052
-3561
-11624
-7945
7729
7725
10531
4768
14254
13806
-9412
11462
14130
-4181
8778
6501
2540
-3254
-4757
5764
-11642
11723
11262
-1537
-2147
773
4451
-10723
-11644
-8790
2780
14186
10916
-12211
-9541
-7391
6697
9232
-5910
3264
-14717
-9029
8784
-5333
-10188
13300
-6598
4987
9568
-8903
-11848
-13353
-8977
2300
-8162
949
-14758
13646
-3128
14734
13687
-6771
-7486
9637
-2911
13092
14669
-11625
8207
-11347
5729
7298
-14880
-12848
14072
-7144
8872
3625
-11865
-7222
4404
-10760
1239
-10722
-14043
10137
-12710
11951
7462
-8147
6079
8142
-7836
-344
-5983
-8566
13400
-3426
12483
-13869
5654
-5936
-11343
13126
-11680
6364
-8391
-10910
-13632
-2083
-12103
2622
4146
14686
12504
7705
11448
11046
4084
-801
-6955
-532
12816
-4329
6186
-5048
-9999
11537
-5997
2304
14777
-12803
-11842
13528
-6469
-11903
-10639
7036
1182
-13603
11727
-10357
3745
1931
-14683
14806
-2302
5459
238
8166
-1138
-5963
2770
-13298
393
14210
-8241
5109
-7645
5400
2711
-9216
6570
-13021
-9889
11674
699
14172
-4327
-12970
10979
-4000
-11045
-13162
-4678
-9447
-13423
8033
6702
-8850
-3802
-7951
-12648
1903
2495
10174
87
-12954
-12652
236
-5063
14001
7605
-7815
-9120
-4455
4949
291
6806
-9969
2621
8501
-10004
12429
762
-8150
6708
5077
-3913
2471
8286
-10488
2010
-11017
7996
5818
-5342
13532
-11850
-8048
9442
-4852
2534
-8565
2715
-12385
-2050
4202
-7279
-11494
564
9791
-8204
2049
11759
-14811
-6248
3113
8412
9528
1143
-2369
13603
5552
4393
14850
-8895
-10506
-7295
-4676
5930
5256
9515
-14266
11506
-5138
-10416
-1225
4356
12736
6527
12683
-2036
2488
-4827
-14802
14534
-1672
6148
12268
-12305
11982
2073
232
-4910
7058
14896
5636
5556
-10497
-3442
3043
-4720
5606
-12372
10448
-10321
7203
1699
-4675
264
-5350
-12815
2083
-7210
-1009
4637
14426
6432
11385
-518
-1837
14266
10504
8522
-6103
-4415
10172
6403
-14159
10672
-13878
9999
-14211
8449
2704
344
104
-13466
-1789
-13654
14252
11794
-3053
11730
2597
-9435
5042
-11214
13320
9175
-3831
-2534
-1503
-6926
6118
-1489
13240
3961
-8354
-4054
-8383
11096
-12411
3437
-9597
5130
-14651
10523
2365
-7491
14566
-9989
-10388
-12706
8757
-7025
12981
-10907
-7080
-9259
-13392
-14331
3430
-13636
-11509
4252
11644
-2949
-3566
-2277
4171
-4655
11892
6126
2233
-1476
3385
12265
-12149
4121
-7819
10999
-233
13617
2039
-8517
-1056
-2892
-2430
-1319
5905
13015
9065
-7206
3596
-4993
12562
6633
1003
-3369
-2103
14293
-267
12928
6465
-6474
-1053
4169
-3121
21
-2281
-1741
10634
-3509
-13775
-13395
-14836
12002
9049
11157
10457
10556
-9591
-3916
6747
-3560
1127
4834
-3336
3508
-1053
11173
-5099
3637
-11532
-10337
13038
9313
10390
-5874
-6779
-7510
-9525
5993
-8355
1727
11240
-13057
10553
2019
-14087
7483
-4054
-5931
6686
5800
-13897
-1669
14231
7848
-11073
12168
6818
6378
-14184
-14008
984
-4502
2623
8667
8155
-6363
13078
-4982
1367
-11518
587
-9816
4408
-7256
14169
-14711
7896
-2961
-11122
12172
3814
-11103
-12699
-8477
-7218
-974
12452
-4529
4824
3442
12181
-9754
12397
-10423
-12772
5077
13495
-14693
13793
-8716
-6056
-8694
-4498
8445
-14581
5067
-14988
-8695
6375
-4007
-4223
-4205
-7245
8861
-9949
6069
10532
-14908
6792
-8185
5922
-597
-7506
-14362
-13020
-6283
-831
-13987
-6282
11225
2025
-9175
9629
-7509
-3405
-5281
3510
-7458
11201
3499
-10804
-14301
-13487
-8840
-799
-1716
-12243
6637
8209
10485
-4049
-14238
11043
-12422
-1344
4694
-3690
-2210
5675
420
14327
9456
3250
11450
-2254
3235
8887
-2780
-14042
-13891
1734
14232
-8709
-4023
-6437
-2585
11674
12931
2782
11696
11666
-13072
1869
-7570
-2332
12433
-3199
-8931
12208
4549
-5074
13403
-1918
-5245
-8456
-634
-10910
-1329
-6189
14430
6716
4163
-7557
-1686
742
13494
-2958
8770
-9960
-14395
3590
-189
-10783
-4750
12932
-1441
6396
-2772
-786
-6360
-13419
9820
9702
9663
1943
4282
6884
-10999
10821
8792
-8965
590
13515
10507
3855
3693
1215
-5109
7466
-14030
11597
-10795
8009
-5374
14960
-4454
-617
-276
11753
6575
-6112
-14972
-3211
-8588
-818
-31
9470
14584
-8721
-2287
-5011
636
-10395
-4567
6968
6733
-3858
8716
-11266
-10106
-11741
10552
-6872
-3583
7715
3123
11142
10000
11576
-892
8785
10392
-8454
14965
10439
-9724
-10884
3610
-9224
-2432
-4839
-11356
13834
10665
13602
5282
-4815
-9155
13345
-11572
-5909
7938
-9459
-13905
-10751
-1085
-1316
7881
-13809
-14868
-14195
-4856
-7280
-3146
14165
-13656
2063
-7602
10298
2639
-11726
13291
9254
11748
14006
-12695
11474
350
-2710
-966
-14895
9368
7333
-348
-7869
-4079
-12504
-6194
-1317
-7229
-6089
-1637
-10456
-10607
3034
-8007
-10895
-194
-14647
-13073
-3843
-11008
11921
8629
-1650
-5895
11125
3574
10512
-6640
7828
-2581
579
14666
-13672
12583
-14783
-7247
8556
3318
10440
-1210
9298
5454
2538
7030
-5368
-11032
6281
7011
-6025
3289
-12018
-1548
14335
-5084
-13969
-7755
2763
-1471
1830
-5875
1384
-12532
5567
-1576
-7459
-1359
-10576
8912
1749
5131
11286
-9437
-2070
791
905
-14634
-2022
12315
13893
-7051
-12671
11158
-8581
13270
-5652
755
9966
-5260
-6631
-113
-14048
974
5908
2596
4523
9003
-9234
773
-13349
-6954
-14040
10885
-4724
7560
13806
-9307
-3499
2615
-11283
11651
-6481
13590
4186
11985
10808
-14340
11112
9897
14944
-7463
-4184
808
-6745
-4699
-3795
14778
11457
-10270
8644
-11285
-4893
-6100
7446
3798
14428
959
7815
-14159
9540
11784
4891
-7091
3472
-7977
1835
2385
-11809
-9779
-3044
-8445
-9516
-618
8026
-12828
-6699
-1997
-1538
10915
366
-1167
-1042
13327
-11005
9167
-5221
7420
6521
-9392
-14122
-11591
-3756
-6683
-11730
-7632
-12249
10933
7970
4075
-4062
-14596
14467
-2923
-625
6537
-5154
334
329
3073
-5074
2426
9939
-5767
11852
-6760
6627
8876
1288
-8128
-10372
-10606
8959
6217
-12547
-10933
-2473
8307
1018
14312
-7205
-6223
-10595
5499
-11920
2409
-327
12900
-5118
-10425
6227
-10253
-3060
-724
9473
13126
4128
14518
5737
-331
13081
-9832
5267
-14699
-1869
8650
-14515
12709
-8377
-12428
3077
-10737
6717
9409
-14801
11640
-14917
7984
13317
-14450
-13564
-7611
-9836
-4282
-8918
-10404
8269
-14291
-8420
-9521
-4987
14681
-14873
8668
8038
-11880
1841
3792
11742
-14039
-11342
1336
-425
-13871
-9893
-9110
8090
1958
-5271
-3475
-12118
449
5487
-526
-14595
-11955
3402
-3046
12911
4814
-12190
5548
-3108
4586
-12595
6529
-10385
-89
-1499
-8274
10294
11751
8939
-14248
-12694
7387
-13027
-13999
1526
11006
9444
-12496
-3905
-3693
-8346
-9993
-8719
-12419
12892
-14347
-5518
1234
-766
1751
-2381
-1448
-11490
-1577
8401
5396
6293
-7721
4145
-9783
8179
-4745
3382
2692
11144
6828
-11818
-7738
995
-11384
-11781
-2385
8839
-151
-669
-11941
-656
3039
12039
-581
7611
10660
422
10592
12417
-13862
1969
-4698
-6101
-9648
-10323
5761
3358
-11136
-11258
5444
13122
674
-8719
-6549
6588
-7968
14228
6549
10560
-11148
1042
-9898
1798
7066
7060
-14240
7155
-3734
-4212
11786
-10343
8590
-11083
5859
10268
11286
1387
12606
14969
-10338
-14259
-7131
11273
-734
5875
-12444
-11195
1343
-13531
2432
11400
11490
13054
6393
6641
-10202
-940
9530
14532
14099
14448
-14047
-7552
9311
6434
-10614
-14020
-8557
-13432
-9697
12897
-10079
-2649
5165
14517
5125
10085
-14483
-968
14424
-5411
11698
-9303
-2208
-12622
-2954
-4101
-12212
-3508
3452
13622
7766
3561
-7630
8860
-513
-13862
-8147
-10754
-7212
-11087
744
4926
6144
-13329
-14525
-2908
10422
-2802
-356
9596
9004
-2997
6124
6059
10209
-4020
1244
9859
-1805
11700
-12774
-8817
-12623
6334
13691
-4326
7293
253
10102
7706
-8166
-14610
257
616
-14198
-12859
-5623
-12744
-13343
-429
4425
-5164
-6538
13785
6281
-2464
10443
-14712
10636
11255
12289
14887
14719
-6120
6581
2416
11774
2673
11488
5769
-3393
792
-9857
-6581
7499
-7422
6676
2817
2895
-5991
3538
-1478
-1002
3585
12585
7269
-11559
-9929
-1668
-14482
-7009
-1571
-7537
14584
13662
4295
11162
-2446
11582
-10204
-5477
857
8450
2060
-4857
-9435
9031
8978
13729
-12253
2558
-11164
-8694
7272
12721
1785
13172
-9413
4444
12823
6507
-12237
-3238
2987
3580
-6282
3260
-8009
9941
-12841
10102
-9616
-13704
3574
7175
7351
10984
4970
4681
-13089
-5412
1328
-1015
4435
-6357
432
-3071
-12415
13262
-12504
-8435
-13885
-1001
930
-10898
13484
8727
1464
-4629
3947
5203
8322
13038
14897
11586
12790
-621
6332
10064
-6761
5029
-7084
12071
10782
-1431
14457
7383
8246
511
3452
8663
12221
-6849
12784
12791
1488
5244
-9512
567
-12958
5416
-7070
-4172
-9778
-11831
-4148
9616
8276
-10247
-10763
-14158
5766
4540
567
2169
-9774
12834
14037
14315
8008
-4976
-8079
-14881
-5978
-551
11016
190
8204
-13988
-1530
10262
418
-2993
12835
-11094
11171
-3675
544
-11229
-10714
5758
14003
-2075
-10312
-12347
1104
14687
8315
523
13515
-69
-7955
11111
8639
7605
4388
13872
-3272
9973
-5132
-9724
-6463
-6469
-835
4370
-14335
4573
-3369
12938
-4909
2637
4607
-190
6663
-12298
10250
-775
9425
6714
13112
1030
-451
-7077
-7113
10881
7693
13019
1944
3691
-13618
-11859
-4450
-11323
-10428
4949
-12807
9275
-8746
737
-13404
7586
14738
-8118
2203
3106
344
8287
2494
-11291
-7297
-8843
-7561
14776
-623
-2235
8662
-916
-11069
-3905
-11468
-13098
5699
-620
170
-1405
3013
-14316
-863
10408
5705
14883
11841
3178
-4756
5859
-2963
-9409
-6820
-9152
12189
12768
-1401
-9337
523
9093
3379
-2576
11391
-6969
-652
10218
12926
3283
-14401
-11254
-3700
-12279
-5023
14559
-11335
13897
-7123
-1030
5763
2608
-1956
9246
7133
-8534
-3351
10784
-10378
1236
-10953
-6385
-5732
5431
-12881
-606
11909
-980
-4491
-9380
14851
10909
-657
4930
5691
12854
-12707
14941
-3967
-5128
12723
-13165
3533
-11155
6308
-11192
-14479
-3644
8443
712
3451
3996
-1121
10165
-13573
-9723
918
-14474
-13773
10964
-13970
14974
1095
-12449
-5562
1046
-10880
-5340
11131
-3624
8322
-10275
-13604
-12237
11150
7079
-2821
12394
11176
3707
-10820
-14788
-7937
9864
-14608
3364
14084
4233
-6762
583
14387
-11915
-6025
6991
-6712
1255
-663
12268
5783
-2265
-7205
1974
-5322
-10266
8461
-2742
4611
-12794
6799
-7873
9685
10925
638
9843
12813
-160
6702
2135
-13242
-7067
5236
-10480
5892
-5072
-12884
10130
232
-13416
-8147
-14940
-6728
11057
8301
-13992
-9133
-13877
-13217
10960
1037
-9187
12053
-8439
3963
-3404
1219
6546
-8645
-6147
13143
-6343
7477
4888
11818
7252
13563
5873
11436
8604
-1865
7978
-5455
5637
-5859
10494
-7869
10163
-439
12194
-9907
-3472
7720
14751
9952
7644
14003
8236
-12405
7015
-14102
8323
6562
9648
13836
-13347
10008
-12899
-11685
-5530
9639
-2012
-2089
12799
14520
-2708
-77
14843
4845
11129
-7377
4495
295
-10972
-8933
-3615
-14952
-12759
-10778
-12007
-1935
4755
-12810
2665
-2292
-8091
-6006
-6607
13496
3579
-9518
11626
-14657
-8921
-12560
-6367
-3419
9483
14802
-9500
-9683
5762
4862
-6864
-694
12612
14919
10835
2412
-13762
-2424
5919
13787
12219
6861
13143
12202
-11612
-508
12406
4115
-2239
-4300
-6453
13427
-10863
4253
10852
3210
-411
-9407
2339
-13446
11634
9326
-9155
13285
-13444
-10312
6520
8057
7084
11579
11822
-8414
10547
-7595
9520
-13874
-4672
-5917
-3008
10644
-6482
12864
-5978
4636
-5230
980
-588
-7694
6732
-14017
-6594
7430
13536
12775
-12393
8373
2689
1705
-10644
13782
9283
13852
4847
6903
10657
-10011
-8679
-10780
14527
1217
-7895
-4678
-10709
10285
-10473
14113
-14208
-10703
728
7702
-8873
-7990
3872
-13546
-13970
-9675
-9198
5552
-13495
5106
955
-2510
14723
-10393
-14466
-12343
-2057
-4584
9254
12122
-4557
7370
-5985
6212
-12369
5942
2304
1592
-3477
5456
4385
4650
-5896
13789
837
3015
4505
12202
-3029
-8907
5334
-6993
6695
7112
8082
-12478
6471
13282
797
-13599
8958
-201
-13672
-219
324
-4454
-5966
-14415
4778
13485
-12223
6899
1604
-14415
985
2771
-9845
-13160
-3809
-13485
1802
-7279
2093
-6208
13874
1576
-83
-14121
-232
2107
-6979
9094
-6077
7473
3600
-14159
-5766
-6325
8934
1297
-843
-7269
7123
1463
-3381
10902
831
1670
256
3253
-12407
-6027
12002
-9345
1004
-3681
-803
-659
-8697
5205
-4924
-1579
-9369
13928
-2231
-4154
-9344
14146
10966
-2786
-9512
-4724
12708
-2073
2678
2623
1539
7546
-14609
-1508
3537
2209
1270
-6582
-1717
11078
9614
-14737
-14819
-13485
-4454
14092
-2909
5385
20
-1320
4577
11771
-1806
-7394
8891
-14818
-9114
10794
8050
-5316
1895
-8944
11661
11547
5482
-12672
6447
-129
8753
13064
-2185
2142
-7255
-6270
-12042
12958
8179
-6306
4588
-561
-8412
-9732
-4622
-11910
-9152
3613
-3105
-4418
-1127
-12794
1402
-12836
-5271
14733
-7666
5033
12210
12318
-1563
3180
-12022
3288
-368
-10854
-140
4590
12740
12431
2731
10337
11924
8515
-2683
3619
5320
6137
323
11653
-4191
2678
-3334
-12625
3671
7210
1428
-13887
12976
274
7793
447
10861
-14709
2566
-5416
13933
6185
-5697
10605
-275
12666
-12139
-9771
-5647
-1970
-7775
14498
-14140
-466
-14310
-4735
4366
4463
316
14467
-3121
13955
-3935
201
-3663
-10750
6990
-14867
-10817
6934
5678
-7499
11671
-12600
7282
-4906
-1695
-3280
14383
-10968
-11375
-12673
-13245
2358
-13233
8690
-9173
-8991
4100
11056
-3076
2407
-14268
2772
3581
-8759
-362
-11807
3707
8277
12056
-2603
-10672
7181
13234
-6508
-477
3320
-7398
-3832
8604
10859
11310
-4274
10399
3043
-9822
-4927
12609
5503
7168
6066
8490
8090
-13689
-3250
14095
827
-14737
-11418
4333
-7973
-9723
-1384
7421
209
-6245
1324
12342
-8214
9920
4594
6392
2014
-239
-734
5647
-4293
-5919
5921
-1336
-12761
502
13877
-10311
8564
-5552
3684
9899
14703
-13956
7111
-4125
-1586
1794
9337
-5869
-7385
-4154
-12106
-11283
-12511
-704
9308
-14932
6631
-9641
-6991
-4176
8752
-3323
7952
-5020
2910
-9569
2479
-2948
2808
5226
-3294
12381
-9298
12467
13015
-8532
-5962
-14524
-4291
-12881
-12353
-8980
228
-13649
-3662
-1822
-4021
-2797
-7230
10051
1836
4074
-2898
-6058
2133
-11636
3904
11431
-353
-8036
2603
1777
-4861
-1428
-10015
3934
10924
-979
1129
-5296
-7322
-9684
-11849
11357
13586
10278
10641
11479
385
780
-3662
11442
7634
3383
-13945
-8901
14066
12600
6157
12398
-8020
-12443
-2484
12919
10605
-12815
-4478
-2792
-3180
4910
-6543
-4943
-7268
-1485
5745
-3983
10558
-11044
2856
-6811
2695
10601
8297
2271
9963
-9326
10957
-11162
-2208
-6580
-8389
-11676
7185
2708
-13697
-3495
-4193
-14953
-2136
11792
-13058
4889
-3605
7376
-3204
-5383
-2983
-10367
7753
12430
530
-570
-8976
3715
-6647
-10918
-11154
7920
1479
-722
11385
-8212
14447
-11880
-13441
-12664
6300
-9690
10593
13837
-2824
10735
13631
-4448
-3304
-12076
-7582
-8351
-14615
14004
193
-6009
-1022
-355
4192
-4634
5305
-10277
-10464
3262
-2791
6163
-6766
779
-7733
-14242
11080
-2969
5281
12995
5405
1740
2943
-2060
-3481
-1638
1298
-4231
6451
10162
10904
8507
3788
9105
4932
4426
855
13587
1148
9247
8724
11140
8610
5384
-8945
361
-230
9772
-54
-2158
8437
-14995
-5398
5833
-3539
5366
-9192
9634
-5234
3059
402
4293
-6687
8983
9063
-2084
-14626
3294
5839
486
7871
-3655
-14633
14625
-214
9471
-11009
2044
-13500
9806
11721
-4936
-11024
-614
-83
14402
-5677
-6429
11908
7939
8039
7700
-11731
10723
613
9014
-11394
-7211
6641
1502
-4173
3413
172
5989
7116
-3440
-8297
94
13138
-2889
10925
-664
8588
2971
-4424
3967
2816
377
4341
-6298
-11628
14104
9403
5750
1942
1987
6155
-4938
-7503
6049
5712
-10202
14430
2004
-11804
1488
-1469
10192
-7869
11078
2406
14436
13262
-5853
-4940
-14763
-8218
-2198
-5699
9080
-7938
-4350
-4271
8669
-10354
-60
11057
-12339
5977
7201
12923
980
5782
-3220
6553
6
415
8489
3359
-2405
5526
-2898
-2245
2958
-11199
8336
7132
-2478
758
3689
-9971
4813
-2602
4346
-7586
10374
-5749
-9976
8923
-12991
-2987
12851
-8083
-2316
-10325
-10402
3426
-12887
10007
-9415
953
13490
1661
-5180
-12846
11162
8512
9310
4698
-6208
11888
6664
-5127
-1652
-11736
-13741
-5387
2013
12589
-2425
-4422
9141
227
12464
-12442
1090
5636
-7409
9349
-13453
11982
-8787
-4909
10856
0
2472
11954
-8424
-10551
9357
619
-3660
2820
-13745
-9369
-1416
-4158
13697
-3802
-4260
9540
5783
2434
6042
-14232
2566
8533
-5721
9197
-9082
4542
2894
-4885
-10976
4185
-7946
-14158
11074
38
-14039
5357
5185
11164
-5402
4643
2903
-14920
5729
11158
4514
-9712
12715
-731
11082
7129
-10568
11509
-11111
-4207
5991
-7572
-8781
2384
11928
13779
-10013
2312
5113
-7333
-13179
9453
-13394
14352
-5997
5283
-8299
12760
-10188
9236
-5958
-3650
-7647
-6757
-3370
-2077
-6612
-2825
2052
-8247
11479
6306
3102
8486
-5513
6179
7386
-12698
-6652
14923
-2915
-11810
-6558
5233
-13836
6679
957
-6007
12405
8575
1962
-8385
4323
-12849
-6653
4627
4119
14139
-4007
1488
10901
5852
-12565
-14729
-13292
11329
8329
2514
6275
985
-7588
-12766
2554
9312
11068
-9194
-14851
2513
9857
-7745
-6110
-2767
10303
1141
12272
-213
1344
-5050
-1147
-2807
-5751
-3447
-7852
-556
-13375
8889
-7194
-6382
7489
-5573
4520
-3650
-11943
1633
-7080
9801
-10600
-177
-10579
9690
-8699
-3888
-11658
-2486
13668
3373
-6253
4183
12738
14978
2402
14981
5110
-14409
3341
14211
-10869
-9464
2838
-8231
6775
12835
11896
-8642
11239
4126
-1372
6353
12699
10526
-14135
10510
-8863
-10572
-2814
-12626
1595
5170
-8596
5909
-13709
13914
13375
-4068
-1731
14919
-4493
-11069
8821
-9865
-9360
14232
10615
504
1408
-4707
3001
2622
5651
8695
14805
-2323
-14744
7237
3181
-2440
14567
-7749
-1498
-2944
959
516
6098
14885
97
-3235
4207
-8035
-8148
-6185
-3843
-12021
-9169
-3479
8856
-8067
5648
-306
11522
-3007
-10039
-14094
-5292
-8623
-13801
2050
-11293
2415
-1805
5887
-7477
3909
-197
-9166
7424
14102
-5615
-275
-5580
-6159
10109
-9868
13283
350
-4574
-2217
-64
1789
-2218
-14072
3584
14115
5205
-663
-14119
-14883
-13183
-10552
7489
597
4152
14476
11057
13129
-323
-2537
-2726
-8463
-955
2160
10055
-2799
-13201
4756
-10435
1542
-2113
1851
4130
7099
-6621
584
6802
-11162
-8812
214
-1404
7927
1092
-9334
-2038
-5161
8016
9916
-8527
-14141
13862
-2929
1946
1626
-9116
-8746
-7481
-14223
-9046
-14876
-11219
10159
-3516
6114
-7218
12620
-9586
7310
-5113
4885
-6832
-13845
9212
-167
-9729
-6214
7577
4639
13885
-9985
4082
4212
-1728
8009
-8741
-1767
-9262
4834
8405
-1094
-11317
6235
13683
14172
13740
-1
5685
4003
10938
-7579
-1739
6036
-7828
6212
-8051
2231
-6066
14051
5022
-12358
3482
4328
-4433
-8918
6668
13074
-13190
-10102
-3898
9832
7785
11744
-5389
-12422
-3166
9524
-14168
-8054
6142
13849
14959
-13937
-13707
-11896
-7906
12310
200
2599
-7142
8458
1159
5343
-7442
-1741
-6485
4712
-13723
-817
3148
9512
-2294
14212
1400
-2931
6358
9033
-11906
7195
2683
5759
-7702
-13371
-5350
6885
-8096
-6382
-2669
14034
-2743
-3905
-1201
11182
-14234
8953
1200
14114
7664
-3668
11995
2820
10171
-4359
-1964
-1805
11333
-7171
8277
3926
-10788
-2331
-14534
6485
-6371
6229
653
7661
-5058
7304
-5343
-11154
4269
-11150
-10388
11487
4552
-4259
11759
2834
-9887
-12067
9766
5671
8780
-5805
-10742
-743
14603
3961
5771
-10245
6040
1604
-8669
-3517
9383
10249
-8915
6437
-9509
-7105
10451
12555
6786
13721
5192
8037
134
-964
-11253
-6388
-62
8535
-3426
3475
-13330
8813
-11739
-7478
2525
216
-10870
9161
-8683
-8366
-13596
8296
-9840
-4013
3725
2429
11977
-3865
14011
-5053
-6231
4922
11260
14577
3674
11008
-9796
5948
701
-14805
4164
-8182
-4613
-14464
8423
-12459
6705
-13942
7422
-1885
-12188
-12778
-10379
-2143
-5308
11432
13743
-14110
1511
5995
-4083
-7813
12705
-8764
-4535
2270
11277
3891
13893
1848
736
4471
-8567
13426
4053
-10297
-3579
-12123
12821
-1780
5052
-5086
-4520
14242
-10999
1297
-6738
5488
-2667
-5015
7240
7321
10987
-1830
13757
12445
12848
-4716
-13749
-13971
-6655
-227
-5784
8375
-14632
-7023
-888
-3717
3858
-3130
-1794
-1337
-3257
6080
-14403
3812
9001
-9016
8437
-8302
-14781
-8203
-532
-8998
-8478
