-3252
54
-3603
530
-1112
-2695
1799
4889
-4041
-4745
4901
-557
-1232
4726
2524
3598
4429
-1015
4257
129
3941
-4732
635
-3265
-4222
4717
-3718
-389
-4857
-1494
-3959
-1165
-2251
3399
2530
4405
-1650
391
2716
2506
-3582
-2363
-2096
2576
-4022
-141
1548
-1767
-2593
-2346
-1581
-4584
102
-3202
4748
-1399
-3158
547
-4497
3529
3573
2537
373
-1744
-72
3186
-4989
3865
-763
3577
3285
-1008
1834
-2326
3085
-3398
4694
-3547
-631
294
-4380
-2643
-2650
-4919
4787
-214
-3864
2794
-3027
4420
2238
-1681
-1719
3934
418
-4150
2453
-3942
-4504
478
3145
-2823
-669
-2918
1883
1798
1480
1584
2918
-996
2901
4856
-2399
-3570
3699
752
1946
800
-4385
3058
-4503
412
2615
1480
-1944
-2803
-4174
-517
-749
933
2473
2825
-2444
-4347
1559
-101
-2668
-3511
3855
1111
2992
-2582
2890
-3611
-2233
-2215
4665
3608
-376
943
3340
1338
2455
4450
278
2936
2812
-2145
-790
199
3683
3360
-381
1882
-4309
-4102
3706
-3853
-2786
-3657
4736
-4828
-3382
-4853
-3882
406
90
4265
4525
-2208
-2717
364
-2887
-3514
-3758
-4762
-3735
-4870
3660
-3022
404
513
-1332
4898
-120
-4353
1229
3745
1105
-2409
3216
4460
3948
947
2916
-3592
-4446
3073
-31
983
-3968
1320
2513
2272
1175
-4040
-897
-339
286
2313
-2245
-2467
-687
124
-2661
3416
892
-2690
4282
3507
25
4450
-4531
557
-1193
1770
-124
851
-2329
1314
4053
3622
1069
-2181
-390
3304
-62
-3753
2718
4115
4365
2624
4632
-4032
-3378
356
4041
-3655
3114
-1127
3018
4964
46
2303
2514
-1525
541
1158
-452
2087
982
3951
2088
-4011
-1355
-4693
2883
4355
-865
-3568
3350
-734
4761
-4353
3849
-3460
26
-2563
-2462
2911
42
-553
138
-790
-3389
-424
-1413
2116
-2009
4442
-559
1356
3647
1729
1770
4245
64
3920
-2813
3571
1282
-2458
-37
329
-4747
89
2586
1871
2237
15
3433
2622
-833
-1290
204
-4169
1784
-2542
-4827
-3068
-1416
2354
-2183
-3279
4958
-4142
-2418
1077
3821
-1109
3216
-1041
-4303
2745
587
-470
2950
-4610
-4170
2889
4231
1584
-3748
-1913
-179
4412
-2443
50
1768
969
4933
-57
3636
-3803
1306
2839
-1351
-2032
3628
1426
2244
-3414
136
-3859
-3072
-4759
-4098
606
-175
-3864
498
2037
2648
-4100
215
-2026
-683
-1629
-614
-1590
-1866
59
-2512
-4951
-4725
5000
3931
967
3304
4877
2064
-2861
3820
-1337
4212
1582
2377
-2096
-1894
1454
-2456
-4155
279
3857
-1563
997
-2073
2055
-4791
-2549
-3576
766
4936
263
-2629
-1821
-372
-4671
-1154
-2273
-409
1612
1026
4942
2991
-1933
-1285
-1648
-4779
3008
-3825
-3210
-1882
-1201
466
4304
839
1095
-1963
1007
-4789
2675
4085
-4706
-2696
3562
2975
-2107
-2323
-4541
4539
-1065
-846
1698
-3141
4112
2646
42
-4203
-1276
3051
-472
-2921
3333
1732
-2552
2234
-959
143
4386
-970
1815
-558
367
4627
3980
1334
-2802
-3027
-2091
-931
2845
3809
1842
2452
3137
-2683
-4498
-600
-1218
490
-3108
-445
-123
4505
4767
1984
273
4169
839
-4798
3225
640
681
673
1652
4384
4570
533
1940
1213
4163
-4492
4401
-1800
1631
-476
-3073
1696
-2533
-1079
648
1724
670
1026
4443
542
-2506
-4266
-1869
738
1621
2555
-4474
-1716
-2780
1514
-4174
-211
-4797
2337
1414
4490
-2561
4054
-3154
-4738
-4766
938
-2159
-3330
1021
-2574
-3245
1200
-1360
2179
1854
-3008
-1400
4686
-1602
-4853
-3974
-2555
164
-4032
-3626
4379
220
1228
-2006
539
-3638
1275
-970
859
4491
4226
-3183
-3428
126
-2144
2831
-2744
-3451
2641
-1181
-3601
-3500
4528
3215
-789
-4146
-618
-3814
-4381
-4536
-4533
-2945
-3786
4531
2065
3255
-2421
1929
4343
-2106
4313
-2506
1379
1097
-3732
1619
-3686
3845
582
-2693
-2271
55
4387
-2401
2787
977
-974
-1816
-2627
2029
-3369
4394
3746
2582
3489
-1125
1030
2226
-4860
2806
-564
3916
3861
-794
1526
794
327
-4363
2316
-4361
1299
-3249
-381
-1554
102
2109
-4335
-2867
-4618
630
-3005
1790
-776
-845
2368
3690
2463
3789
-2127
318
2143
1077
-4217
3898
664
-250
2059
938
4772
-2338
-4641
-2948
4165
-607
-4966
3751
-1714
-3763
721
3286
-1689
283
-1750
-250
104
-64
-4848
2778
-4255
-722
-1859
2254
4353
-1511
850
-1847
-19
-418
2073
-704
2125
-4028
-1025
-1906
-174
-1011
3584
843
1351
3728
3737
4539
-2273
-369
4525
2254
1486
-3894
-3297
4551
-4818
-2961
1631
-3486
-925
853
412
3881
-883
2760
475
3634
1621
1968
-4542
-2836
-3567
254
-4929
-3834
3689
-2813
513
-2683
3278
2330
-77
-3638
1931
3108
3701
-3821
-3492
869
1887
-4495
-4728
1540
4191
-1660
-1974
4759
2604
-4434
-423
1611
1554
2793
847
3824
3407
3403
-1549
1066
-3476
-2300
4900
-4343
-3813
3081
-4079
-27
-4110
4595
-4803
-3763
-3914
-587
-2344
1864
-1266
-2417
-2179
-4461
-2744
759
-4150
4291
-2468
3120
3548
-3419
-3378
-940
-1902
-205
492
475
456
-1366
554
2965
3228
4138
2181
-2388
-2147
-2143
-3248
-2025
-3151
-2880
-1224
-1855
-1324
1825
-179
-3363
2840
3863
2843
-2136
894
3202
-1067
-1221
-1149
-2186
1232
-2401
3846
-3239
2248
2234
-4087
-3203
-1115
-263
-2410
-2364
-3103
-1988
-506
978
-4774
-893
3577
-4539
-4036
-1264
-4566
-1332
-1229
-1957
1895
2821
-709
4365
-2483
-923
1213
-939
-4178
-3896
-2981
4137
-4268
-411
-3367
-3097
3948
-2217
4777
-3940
804
311
-3725
3567
4292
2806
-1714
365
3045
888
4953
183
4897
1442
-1270
-3172
-293
-2639
2653
-2904
1212
1282
-902
292
-4704
-475
-2489
4100
3957
-2357
3443
-1964
4829
4288
4139
-2225
-2962
-3440
-4151
-686
2752
10
-4588
-3751
-3442
2695
-313
-2987
4890
1201
-4208
-735
4194
3961
2671
-4268
3499
-3181
-1687
583
-4135
1636
-4715
200
-4581
3002
-652
-4186
-3093
1775
3984
-44
-208
-1543
-4611
1012
-1951
-2891
-3808
425
-3088
-3800
-4739
-2743
1380
-3869
432
1423
4698
1256
-2754
1179
675
-2455
-2132
1456
733
4792
678
-2002
877
4667
-4640
1092
-360
50
4386
4212
4534
-4835
-3287
2253
2537
-176
4464
-2944
-3037
-2507
-390
-4051
3157
2077
-2163
-1213
4914
3055
2664
-1518
-3943
2146
3893
-3466
-1866
2426
-18
-934
2875
364
-3670
3208
-2893
403
-1529
-3050
-2085
-2764
-4332
-4708
-4147
-4613
-2493
-4181
383
3200
190
4147
-4692
-2243
-691
4978
-2699
95
3429
-2922
474
3291
-2203
-4417
-3711
3751
-3875
1757
-433
-1999
-2359
-3028
-1639
-2403
3801
-374
1863
-2086
-4496
-3899
-1618
-2164
3251
2574
-565
-1074
3369
4940
3425
4479
3049
1405
-4416
2624
3254
3749
3609
-2690
-2442
173
-585
-966
20
-4328
-3309
4514
-2381
2028
-3901
2015
568
-2134
-2113
413
32
-1419
-4989
4432
-1141
2539
3331
2841
389
2915
-1551
-1317
-2708
-4351
4544
4876
2593
1555
-3103
-434
-2343
-4851
-54
1734
1447
929
1718
-2357
1932
258
2800
-1269
1746
4810
3205
3852
4612
-1892
-4076
-3028
-3652
4093
3281
-198
-5
-3039
-1301
3862
1302
184
-4755
1440
786
-3330
3232
2149
759
-1423
-4445
4298
2578
1056
-2833
1451
-1503
-3852
-2927
-3313
-644
4084
768
1094
248
-3222
-2833
-3039
-2063
-2628
-1040
3318
894
-4921
-4035
-2355
-933
3417
-2325
-2782
1335
-2383
-2964
1558
712
-1931
-3702
2127
-2256
35
380
4468
2050
-851
-2670
-1498
-4082
-339
4168
1678
584
-4653
-4062
-674
2854
-2543
1638
-2466
4721
3979
2614
-2879
3288
2583
-4086
2201
3177
934
4116
-3932
4450
4427
-2762
2659
-3650
-1509
3796
3391
2961
4968
675
-111
-1926
3450
-887
1789
4166
-2116
4554
2547
-508
-1229
-4700
1691
-3221
1273
-2247
-2193
-2215
1395
-4442
-2193
-1228
1221
201
-4571
-1813
-1995
-2354
242
4998
3144
4443
-976
1628
1622
3694
1352
3909
4745
-3025
-1984
533
1353
2738
-361
-4746
-1077
-4436
-1860
3096
-45
-2970
515
962
2871
1923
-2528
-1131
3686
2915
4541
4682
4590
-1239
-1556
1840
3368
-3242
-1447
-1742
1072
1307
2983
-1145
1435
633
-2184
-1976
1096
-1640
3999
3689
2601
2728
-3220
2058
1690
152
109
-967
3731
3217
1064
-1060
545
-2913
-463
-1276
846
3374
3150
1811
-3428
-2407
1031
-4186
4520
-4111
4044
2132
193
-2518
-4446
4660
1283
-1672
647
-779
4252
-4949
770
-288
2492
-1028
-1093
577
-1903
-3474
-2786
1784
-1444
-4855
3167
-3358
-2253
-746
2579
-2152
2852
-3222
2659
-387
-3456
-3714
1786
-174
4642
3879
3861
4712
-2092
-511
1473
4412
3043
-3343
-2251
2163
-926
3720
-4134
4055
-486
-78
1688
-3972
-4225
-2338
4537
2333
2358
-4237
262
814
-1725
-4990
-3262
1963
782
3596
-4319
-4784
556
960
-997
236
2737
-4512
4998
-1116
-2861
1206
450
1737
-3011
452
-310
-91
-2972
1445
2919
-1888
154
1472
-285
96
4368
-911
538
2335
1997
-2370
2248
-271
1410
-3740
-841
-3946
-4395
-2150
-4126
-1307
2622
4706
3184
3071
-2010
-4998
1884
1149
4046
1578
627
-1490
-3932
666
2949
-898
-3322
4618
697
-3667
4609
299
-1811
4445
-1619
1503
4828
501
4690
-156
4191
-2697
1157
-441
-1554
-4965
-887
-3854
-942
433
2389
2020
4759
566
-3391
-2943
-1234
2783
3424
4161
-1334
1701
1987
-3026
4397
1233
4803
1979
1852
-4522
-85
-1613
14
1646
3969
-3583
427
-2292
4932
1485
-348
1128
-4473
1493
1722
1124
-1494
4153
1539
1032
-4110
1324
1122
3714
4883
-2605
-67
-103
-3778
3692
1290
2437
2868
-3254
-4736
2180
-2559
1787
1148
3669
-488
2415
872
3811
-416
-379
4608
-144
-1954
4053
1495
4498
-4576
4511
-4425
484
1019
2541
4332
-3907
1534
692
-1430
-1494
3308
798
4549
2190
784
651
3857
3473
-4235
2445
-2480
-3820
3256
3137
541
2240
-4934
-4520
-100
-3776
-4961
-1436
2769
-1066
-4841
-162
-3055
-1084
-2585
1156
739
-74
757
934
3955
4823
-569
-3255
3350
2872
-2080
-4385
-1345
2341
1107
-4629
344
-4584
-3081
2356
-1035
-735
4084
-4112
889
-2031
4895
-3304
-606
-2092
1298
-4708
4667
-505
4562
-3773
1082
3841
2826
-3708
4672
-437
-3785
-1800
-1171
-527
-2492
770
3248
-1600
4537
3146
-1293
4312
-59
-4435
-1433
-2578
518
-1833
4303
3686
1503
1880
-4846
4809
3394
3935
-3157
2029
3269
-4343
-2990
481
-4321
-4586
-4957
934
-3539
-2710
-1330
-906
-1396
-3702
-2340
-234
3085
-2799
59
-1280
1087
-1615
-158
-448
-2586
-2783
4263
-986
4850
-356
-1898
-3219
4579
1341
-4681
-4476
2976
359
114
2262
-3550
-353
4339
-175
1015
3565
2743
1915
3834
-3000
2335
1835
-616
144
1513
-2356
1163
40
-4512
2388
-2467
-1466
194
-2293
3948
-454
-2768
3067
-466
3250
-715
2237
1045
-3090
3281
3886
-239
-4444
2433
-3917
4141
-1825
747
908
4230
614
4971
-992
-3297
1661
2106
-613
-2397
2137
4539
4918
-314
2738
3660
2111
1837
922
-4768
1331
-3458
-3561
1935
-3353
3790
-3951
-2493
610
4992
-2616
-3442
4162
-3374
-2469
15
-4008
-4137
2396
-1593
-2579
-3716
2332
-1000
4515
2408
-520
-4028
4630
4027
-1275
-3287
-1292
770
-1619
4641
-3833
-4521
-4275
-2915
-2607
-2165
3618
-945
4469
492
-2680
-4439
-3233
2921
1828
-4084
-3049
-36
-2010
4892
385
-1081
3692
-3238
3496
-2910
-4500
-3099
2380
4177
4444
4447
3059
-4998
3546
2094
-3050
4227
-3397
-2965
80
-1550
-3260
-1559
-193
-2773
2625
-3051
1611
1810
1902
4893
1089
-2512
1865
1490
-4511
-2638
-1675
-1516
4220
4656
-861
1904
3676
-4842
4620
-3606
-4339
1797
-750
507
-1795
572
592
909
-1170
2575
-4047
-1154
3446
-2150
1127
-4757
-3943
20
4616
1775
-1232
4547
-1988
-1373
-4615
-2949
2591
233
-2848
-4423
-3185
-3380
-773
1837
2750
2606
1988
-3479
2684
4546
1230
-303
-3363
637
-4591
3188
-4300
2911
4613
510
-3097
-3957
-3068
-4046
1217
-3965
4480
776
3178
4996
3031
-3568
-222
2355
4259
-1897
320
-4497
-2773
-1288
-782
-4604
-3346
-2910
3364
1261
2479
-4192
1711
-85
-92
-3191
-3936
1128
-810
2406
4886
1753
436
-3438
242
528
3427
3358
-1583
-4295
2558
4195
-4728
-331
2652
777
631
4026
-4374
2255
3874
1003
2918
3525
3313
-1711
-2978
1037
2889
-4800
-4355
-3249
-3219
1637
-4035
-3532
468
3855
1901
-629
2901
-1828
-919
-2826
-4603
1288
393
-1135
2245
-49
507
1639
2068
4455
2756
3123
1128
1080
-763
-1791
390
2059
-2979
715
-4892
-3576
1117
-2175
-2982
2918
4412
-1084
4095
-2115
2733
2364
-3652
-2681
1885
110
1560
-3160
-705
4979
804
4693
-3679
-2275
-3807
521
-2827
4712
1415
-3000
-3795
-3838
-1924
-3009
1870
2732
2365
-412
-3493
-1515
-4487
-3538
-1407
2485
811
-974
3797
4134
-4783
897
3692
1411
-4893
551
1403
4854
4774
2908
1304
1626
8
872
2834
-4925
-4984
-4386
1632
5000
-4290
-4593
705
3702
-1003
3379
3271
4646
-1131
1185
-3734
-2281
-2157
-2172
-2806
-570
-955
2119
99
-935
-4308
-839
1188
3641
-2346
-34
-3486
-623
2579
4771
1298
-1611
1317
-1184
-3263
-1579
844
-1358
2467
371
3032
-3387
2960
-4777
-278
441
-873
-670
4907
-2848
4304
-2416
-1454
3148
-4273
-3127
743
2062
1419
4479
-2528
-4842
-4773
-4609
1828
-2438
3635
3538
-2954
152
-1853
455
-475
-2633
-3028
-1528
508
509
-3615
2195
-3694
-509
-3319
4874
-1455
-1118
2912
1391
2551
-510
532
-906
17
149
-3189
183
-3679
-614
-3459
-4860
-1582
4622
4051
4179
-2856
221
1468
4516
2830
452
1332
-2263
862
3426
-1818
1889
1496
-173
-1489
4503
-4399
1209
3176
629
-1917
-2255
798
2517
759
1407
-912
-835
-785
-4283
1728
-4316
2294
-1707
-4690
2416
-2167
2299
-1336
423
-4587
1555
2103
2433
-3620
-3242
-3023
684
773
844
1213
1145
138
2580
-1827
3379
-1128
-4451
-3749
-555
-4763
-1112
-1248
880
-3537
3193
1500
516
2765
-2106
-4249
4545
-2500
-3201
1072
3210
-2626
2329
-3643
4546
4895
3833
3254
-959
-3565
3676
-1460
-4195
2722
-572
4649
-403
615
-2393
-1378
2900
1117
579
-1925
-3726
-3195
2745
4464
3445
3017
1510
1849
4150
-1268
-1660
1943
1961
-4672
-3937
4151
360
-2982
-2971
916
-1458
-3160
1091
4000
-2642
-2067
4829
1640
2416
4709
1508
4327
-3992
1985
712
-3556
614
-3809
-610
1591
-2728
-3631
819
3721
-2000
1027
-651
-2596
2907
2671
1634
3445
3885
1639
1739
2765
-1809
-3520
608
4672
-4514
900
-4859
-3162
329
-4371
-2644
2136
-2016
-3108
1110
-718
-2630
2261
4697
-1302
-4070
2507
1409
2727
-4650
-1740
2040
2053
-102
2426
3890
-1081
2070
600
1059
3000
2572
-1905
-1064
-4213
-237
728
3792
-1747
-2074
-3883
-3463
-1954
-787
4662
-4477
2470
35
679
610
4507
-3181
1432
541
1838
-4452
4555
988
-758
3510
3926
2288
1426
-4751
-3765
322
-1393
-417
-3728
194
-3178
4857
-4380
3025
-1144
-1178
3681
-3719
-4801
-3014
2110
2696
2801
-1462
1613
-1137
-930
1648
2106
-3859
1021
-3105
341
2137
2050
-554
-922
-2259
-592
4799
-4614
-2136
-816
2486
3435
-752
-4200
-2892
-1189
3415
4811
-2518
636
-2122
2653
4362
4329
-1268
-3518
4207
2538
2814
4647
-1488
3559
-4083
-4860
82
3310
2457
2178
2367
-4884
-1676
913
1484
-3385
4035
1396
-3486
1847
-4290
1320
-4922
-1435
-4522
-1322
-4439
1123
3245
-895
-1406
-4454
597
-2712
-4949
1223
-3403
-1210
3932
1771
4187
1566
2036
799
-2216
4698
4232
915
4911
-2580
-854
1362
-4513
-993
-1256
4479
945
4790
1656
4588
-1
2446
-3906
3671
5
-3759
-4769
-2319
-1107
1630
-1952
-1679
1094
849
-2987
4644
-3617
4864
-1286
-2376
2959
1662
-3335
2720
377
-2177
-1462
3602
-4337
-3184
2570
-1412
1424
4307
-4056
-2786
3820
4042
3353
-216
-2964
3645
-1902
-3675
-1669
-1451
-4484
-1322
934
-775
307
-4471
4130
4416
-1243
1768
979
3890
4421
314
1790
2937
3084
3302
814
-3152
-1500
2678
-458
142
3408
-1561
3101
-743
1251
-3717
1018
-4599
1993
-1842
-4565
-3840
-1878
3524
-2418
-3682
-1686
-4146
1979
-2023
4290
3611
2392
-4818
3764
-2426
-2737
-2702
872
2478
-4326
2673
1320
-3448
3453
-926
-4949
279
-1975
-1687
-684
-4638
3116
3173
-154
-2428
483
-1052
-2209
1033
3571
-4192
2305
-701
141
4440
-4466
-2491
-2262
3181
-1019
3001
2248
4180
1401
3926
3008
3903
-3350
2481
-3084
3154
2138
2648
-2932
216
2954
-2246
-675
1877
-1021
1708
4590
574
219
767
858
-2501
786
4379
-1203
1890
-58
4833
-3340
4877
-4912
-3173
-3967
4961
559
-3362
-624
4602
-2410
3878
1534
-1754
4566
4426
-1069
4970
-1571
1066
4668
-927
4750
-3240
1477
1935
2827
-2927
4005
3277
-2954
733
-1767
3835
876
-2793
555
-138
-1543
-803
4199
915
560
2911
-3465
220
-400
-1307
-1363
2428
-2246
-459
-2779
-4249
4728
877
-4279
824
98
1869
-1308
-1800
1016
3029
318
-447
-1499
3209
-3829
-3158
-4522
-4113
-700
2581
-3311
1838
1000
2304
-2247
3248
-3001
-1313
-293
4492
-3367
-579
-1784
-3464
-2241
-3683
-2301
-3495
-4443
3912
-1527
3189
3018
639
2706
-2344
4690
1775
-859
3805
-3316
-948
975
3635
4883
-4802
1656
-1908
3504
-333
4530
-1083
3614
-3826
2829
-496
180
-41
-1046
1073
-4618
481
-4917
-2690
-3727
4077
-2596
-2838
4403
-2174
-725
-4341
546
3179
-2958
2947
-3616
-4958
-1057
-2139
2636
-4501
-1712
1549
3206
-443
313
1570
-4453
593
-347
-4384
-4634
-67
4128
-4230
1284
-1419
-360
-3568
-2274
-1253
4217
-266
3876
321
-1351
-2538
4230
-1821
-2720
-4295
-1408
4544
-4313
4548
203
4899
-1045
1382
-3300
3804
-1595
-2869
2114
4961
4608
3110
1134
-1789
-3786
-51
-3090
1340
-3809
3314
3428
4537
-3001
-4387
2688
-1314
-3173
825
964
-1162
2191
-854
2066
4952
-2271
-653
858
2586
1055
-182
456
2509
1179
2160
-4442
-2048
-4003
1937
3489
3865
-3208
3682
-1690
-4020
1547
-3071
3232
-2955
-2868
-3532
4623
-764
-3940
1096
1493
4669
-1464
-2948
-1673
4696
4047
-1251
2951
2660
181
3224
-2618
-1100
4984
3095
-3829
-2198
-2946
-2323
-2370
1857
994
-1871
-3477
-26
-2697
-3104
1608
1928
-1917
4350
146
779
3681
672
3939
-185
-2734
-3324
-2019
-464
-1724
-463
4846
4383
-4769
822
-4388
-2766
-1186
-925
582
2152
1195
-1615
3972
927
4346
1884
3915
-3681
-2886
3795
-3263
-4868
1923
3956
-3269
4770
-1471
2591
4762
-4746
-2201
1095
-2688
4652
3190
3922
-1084
1095
-2273
2900
-819
1437
2987
-223
-3029
-678
-683
-1219
1097
-4980
3297
-4875
-3861
4420
-3701
4185
3699
-4290
119
4548
329
-626
-4828
-3129
4661
2458
-1918
314
1613
-173
4950
-4321
2409
-1183
2290
2204
1919
-2001
-1890
-1000
-1220
2986
3008
-4937
648
-4268
-1883
-2890
189
-4805
-1772
3648
-3001
-3380
-4199
4986
1449
-3121
-1840
-452
-1600
12
2214
-4871
1247
-4023
-4868
-4293
2240
3381
3945
28
344
-3272
282
2851
-3204
3253
-1551
2882
-4232
1830
296
-3448
1921
70
4484
-4664
-1961
-1212
-2303
-731
-4592
4944
2173
1508
-414
-118
-1295
480
2541
-626
-618
1308
-1426
3611
4259
-1795
4591
-86
-281
-1082
-4259
-3130
-787
-4691
2439
3692
2289
1815
-4815
-466
4026
-3417
1062
1688
1495
4912
1334
3501
3382
-1029
2821
-4531
-4011
66
3250
-314
-1463
-519
2773
-29
-2125
-4314
882
1498
-3884
-4911
-1567
3924
992
-747
4750
1865
-3163
635
-3139
-1593
-1682
2358
-1578
-2106
2207
4812
1639
3076
-3740
2276
-4147
3653
-584
175
3122
4997
-2610
-3372
-4753
-638
2886
-1504
-2949
-308
1915
-2840
-2209
-4142
-4135
4954
-2964
2530
-3409
-1575
-2485
4150
1268
-4436
-4801
1956
-889
3695
137
-1654
-875
1287
-4531
-2270
-4826
-2219
-4145
-4141
-4064
962
-1336
-770
-814
-1170
-2717
908
-4458
2257
-1840
-4013
-1571
-748
-3009
-1183
-1957
-2150
-3582
772
4010
4745
4453
3247
367
-682
-708
2229
3238
-737
-3138
436
3561
327
1150
3978
-1937
-4892
4102
548
4740
1792
1584
870
-3708
1814
1683
4022
3383
3
4428
1752
-4453
-2393
2915
-4601
-4914
-402
-3971
3217
3659
4822
-2734
-1376
-2254
76
72
1667
841
-503
-2881
3424
1692
-1385
-3833
-4136
-2756
1142
-41
2313
-810
4107
2162
3006
-784
3641
4221
-3147
-2121
3605
3554
4301
-1474
3482
4395
-2440
-1462
2446
2670
-4479
3045
-1763
-4654
3463
3826
-3511
-3496
-1073
4263
-2942
4896
-538
-2679
-113
3287
4069
605
3233
-1443
403
-4498
-4975
1695
-3351
3570
2326
-199
2903
-1799
-3364
4362
-529
-3798
4215
4596
2496
-4869
-620
4178
-3500
-4957
-1598
-1534
-3762
2327
-4838
1482
-128
3232
-4012
-1091
-969
-3432
3786
982
3209
-3837
3116
-113
4715
-1260
-1528
-1876
-4073
-750
-2218
417
573
3022
2195
919
-1583
3223
-3094
767
-765
-110
322
3978
-4743
1078
4033
492
2437
2348
-2294
4525
820
-1206
1667
-1486
-2917
3486
2196
-2010
1143
1405
2673
3958
4880
2629
-2892
-1891
-2298
3686
4202
4535
3936
-4594
-1578
-1874
4805
301
-4470
-1176
2082
3557
3628
-3326
2361
2525
-3416
-2112
-397
2719
109
-3494
-2130
-4096
318
-660
-3428
-4665
550
-635
3485
-4418
2147
1482
-1981
2342
-1706
3058
-2044
-4797
2091
3442
-368
1945
-3726
-1423
-1078
-3514
1279
3387
-871
1583
-183
4808
2752
-3005
3212
-395
2934
3195
1694
3389
79
-2453
-4827
-1418
4400
-1697
2888
1707
3621
-1579
-3330
-946
-1981
744
-129
4427
3319
443
899
-1562
-271
-1817
-2153
-4512
-1565
3023
4463
3104
-4850
4235
4806
-692
-8
-1753
2971
-4838
994
-3265
-2556
-4604
-541
-4118
-4123
4596
2150
-3116
-4145
-154
4285
861
-1249
2114
1315
-4330
-4719
3025
-318
1064
-2581
-1952
-2543
-4001
-3455
2006
1809
2382
2643
501
1360
4512
1722
-1458
-2677
3638
-1810
-4974
-3200
1127
532
1882
-4627
791
2197
-1474
-3382
-3369
-777
2952
2406
3364
-608
-621
-685
2828
565
-546
1468
3729
-924
1341
-1692
244
4929
-3805
676
2704
1671
4863
-3940
-4870
-756
-1323
-3237
1338
1241
-2479
4923
106
603
1355
1685
-2088
508
4623
3062
1793
4867
2427
2102
-3602
-2107
-1012
4399
-2615
3799
-4132
-3020
650
2887
1394
3132
-1934
1622
-4363
2173
-1946
147
-839
-2717
-1079
1527
-4783
-4655
-1547
-3632
4475
3275
-3948
-1562
-1908
-3918
3834
4970
4184
-2484
-3063
2323
3718
-220
-4775
-2156
3240
-3659
2537
2708
-2544
-3268
3752
-4708
-4376
-581
994
3069
2806
-1083
-3113
-99
-2433
-3556
-1757
-4249
-1063
-180
-2632
4459
164
-4171
277
-2267
1691
3850
-4187
-2446
-4592
137
543
-4775
-717
-3615
-4322
1703
665
2196
909
4147
-1193
4814
-2956
914
4620
2275
504
-3007
4458
3649
-4447
-2003
-3896
156
-3711
-4899
1652
-1651
3077
2426
2713
-1474
2896
341
-3183
2007
3437
2109
3974
-3119
-3104
1138
1204
-1453
842
-4841
-4037
3560
2802
4381
698
-1361
-1812
3659
-3040
-1430
1132
2540
4649
-658
-2144
-2085
-2503
1804
2685
-271
2281
-481
4962
-4027
1896
-919
2916
-3394
-1737
-617
1468
672
-2234
-1599
574
-4645
1267
4310
-4197
3977
-2377
1717
-1968
2823
-3760
3296
1641
-246
4184
186
1576
578
-4281
-4273
3719
-2736
3566
-539
2681
-4357
2543
427
-1771
-583
2488
-665
-137
1600
2721
2915
-4600
3081
330
2285
4216
1094
1912
3171
-1594
4102
2291
4200
4008
4520
3558
263
237
3062
-3743
-1022
1001
2797
-976
-2319
4996
3737
4997
-103
4124
-863
-4246
-3264
415
104
2922
-4909
-4787
-4057
-4387
4244
4483
-2698
-4265
645
2431
2946
-3452
-3900
4073
1415
488
2110
-14
-3706
1327
2547
3446
-4676
830
675
-1373
-2010
-3448
3838
-4640
258
-104
-387
-4022
-3510
-1008
7
1803
-4145
-1682
-2011
-2567
-3725
-3717
-3764
-2025
-4145
-2301
720
95
1083
-1727
-4826
281
2031
-4439
-3282
-2367
2512
4096
4612
346
74
-2861
-1791
1065
4905
-3552
651
-1630
352
-626
-3113
-1194
-58
4667
4703
106
-2410
-2899
-1296
-4079
-1440
1980
4054
-3711
-4842
-4581
-2888
-1071
-1737
-4617
-136
-2078
-3789
-4782
2390
68
361
4445
-2682
-1101
2089
-2151
586
-4104
-2064
-1594
2882
-248
-2895
-4691
-2162
-1342
-4640
-2081
4958
-3806
-3636
2947
-3534
656
3737
4043
115
4554
3717
-4142
4157
797
-2927
-426
4075
-1110
3412
-1071
4780
-3289
2719
-200
-2024
3507
-395
-2295
4105
-1605
3273
422
-2006
4188
-903
-1412
-2707
-4031
-4678
1337
4036
-1922
691
4361
-640
-120
-2724
-724
344
-357
-1378
-242
4538
-3846
642
4075
-865
-1820
2777
-3960
-3121
4398
4157
1796
-2759
4713
-167
2702
-2480
-3945
11
1658
-4712
4576
-2383
2612
738
3761
-1320
-3529
2679
3674
4937
-3879
-4354
-558
2174
1950
-2675
-820
-2291
3807
3631
5000
-3109
2142
-2739
-179
1782
-4780
-271
-3178
1578
-4969
3439
1921
-1650
-1447
-1222
-1977
-1775
-4284
834
-2420
4327
255
-2724
1925
-4552
-3748
108
-2556
3148
4711
-1974
2972
4906
-518
-1743
2885
3102
-58
-745
2700
578
4827
396
-3120
1769
-616
-2630
-1762
4599
1659
-1513
4902
-4267
4263
-2185
1186
1106
-2092
-4751
932
-793
197
-375
3956
-2028
2512
-3297
-1499
4685
-3075
4345
-3481
-3389
-294
-3860
-2475
-1807
-4066
2489
4602
-44
-557
2489
3123
4338
2199
1962
-3433
4374
-322
-4341
4661
971
-3565
3680
-4129
-34
-801
-522
335
4797
2534
-3893
2160
468
4344
525
-3315
-1862
-85
3781
1346
-3167
-3853
-1139
-90
-3092
1842
611
1216
864
448
4941
4438
914
4600
-2859
1037
-413
2635
-387
-860
-1102
3226
-1301
4962
-2598
-1174
-1064
-4473
4594
-4794
3259
-623
2181
-2971
3189
-1123
-4322
4006
1713
4587
-2359
-799
3963
2381
1783
710
-882
-2414
-865
-1501
-1618
3604
-2222
-1257
-789
-2101
-4164
-3224
3800
2202
-4793
-1678
-2828
4057
2264
-31
3669
-1745
-4029
-2894
1147
475
-2325
4863
-4756
-1544
26
-3692
1594
2373
-2479
-3684
3597
-2437
4483
-2239
3989
3887
-2979
-4669
-3807
1164
1120
4340
-1769
-284
-161
-1423
-4669
-72
-1748
3935
-2241
2671
1426
-2204
1357
-236
-2745
593
4725
-551
-3631
52
-1595
3290
1815
-1635
-190
-1958
-1949
-3822
2531
-2049
4326
-2909
2312
4463
2523
959
53
-3254
2118
2134
1354
3283
28
100
-1247
2888
-4320
-4868
-4255
4449
-2996
1026
4906
4291
3375
1511
2672
820
2617
-3910
3536
1589
-1329
4789
905
-1833
940
-2020
854
-3380
3395
-4878
2889
-1983
-13
4723
-4816
-180
4921
-122
4033
1433
247
-1487
-4195
-4451
3327
243
1910
189
-1574
1892
-4327
1806
2652
269
-1227
1574
3701
4802
-1077
-834
1960
-4374
3680
1777
3931
3676
4660
4203
-4050
-1388
-4211
1338
-4159
1586
-2076
730
1589
-3349
3447
-277
300
-1587
-459
2240
1353
-3006
3728
1640
-3920
-3372
-4256
3132
-1684
-4735
-1208
2645
-3461
-1835
658
-461
-4993
-3966
905
1219
2484
3255
-1121
-3799
1333
1412
-966
3201
-4424
1273
2088
-2057
-3479
4404
2748
-4527
2295
-4972
-3835
-309
-4599
4000
588
-2666
-2818
1197
4022
4312
-1896
4715
731
-3974
-836
-4724
-1238
2958
4024
510
4782
1796
-957
3112
-1714
-646
-4755
-3541
462
-4855
4642
-3453
1099
-1077
-3677
1470
3587
-1394
759
-916
1356
1452
-334
-4824
761
3390
4907
-2985
2908
-3346
1028
2843
2453
-2740
928
2818
2425
485
3899
4598
-4813
604
2117
-1248
1519
-2365
-3952
869
-3618
-2556
-3787
4855
-4265
498
3513
-3141
-3816
-2261
1895
359
2748
3037
-1621
940
2461
-3788
2692
971
-1693
-3602
2905
4994
1862
-2491
1875
2705
732
-2911
2764
2760
-3442
4895
-2361
-3284
-4002
3055
1214
-2951
707
-945
4761
-3741
-4306
-3219
-1158
387
2910
-3818
116
4287
3992
-2862
-880
2481
-749
-3972
-1265
-3018
-1354
-3670
4135
1817
-2443
2960
-3147
1626
44
-370
1079
2410
4293
1245
-3579
3594
-352
-1570
-3960
3613
4268
2995
4962
1586
-4595
59
4
957
-4309
1559
-1698
-1283
-2915
-3196
2857
-3964
4765
2659
-2335
3738
-4331
449
-1017
-2666
-684
3691
-4689
-4366
4247
-1463
1625
-3451
-4453
-3776
3282
-3020
-1612
4553
3975
-1182
1578
-593
1325
-2436
-40
689
518
-1602
1711
4183
-269
1604
-1714
805
1338
-2738
-2158
82
-3469
-3442
-4550
-4222
3648
-220
-636
-4588
2523
3628
-3649
2889
-657
2697
4625
-3646
2443
-3436
2349
2639
4060
1323
4865
-1429
369
-3817
2323
-2543
-1469
-2214
-2396
-2343
-4470
1950
4865
4065
2671
4313
-4674
-3110
-2900
773
-1026
3653
4098
128
-4184
981
-2641
-151
4519
-3160
-2285
847
818
-4669
-2220
-3625
-2588
2368
236
-1762
-1391
791
-1622
1725
1620
-24
3631
-498
-4361
4605
-3406
-3630
983
2434
-2555
4582
107
-2346
-4907
-2833
-837
2761
1178
3017
-909
2576
2147
-3356
4238
2560
-2867
-4837
3335
4518
-1790
784
3604
-1680
2522
-696
-2154
2076
-1764
146
-2362
-2337
3923
529
3616
-4672
-2548
-4134
-372
2050
2600
4693
4137
2186
1766
1370
-4336
-1845
-1308
-1427
4650
4236
3921
1235
3981
-4453
-531
2328
-1753
973
1247
-3828
3331
3955
-4138
3330
1698
-758
-1139
-345
4811
2939
3624
-4891
-4751
-1692
433
-2653
2282
362
3972
-233
-1460
1114
1269
904
4302
678
3031
-1217
-2429
1357
3559
-3155
-2945
-2353
4288
2571
-2344
-805
3915
-275
1992
-3629
4531
1117
-4687
1566
4367
-3287
1434
-3321
4445
1941
-4941
3624
4648
-659
-3045
-257
1827
-4170
68
2204
-4185
3456
-1598
2280
-1725
-347
-1588
1398
-3569
696
-4491
-4564
-1278
-86
-3160
4916
3711
3260
-4484
-4173
2750
-4413
-4821
4477
1087
-3290
4638
-1855
-4217
-51
-251
1933
1510
-607
4787
3774
-3733
-3173
741
-3078
-1894
855
-2966
4735
4970
-1276
-3737
2162
1608
4209
2027
-2083
4830
2783
-2548
-4419
-234
-3925
-36
3919
-2776
3393
1323
-4063
4121
-1126
1193
-2063
-1285
759
718
-1389
2241
-1292
1983
-338
-1124
-2559
205
-1251
-374
-1371
4959
-1357
359
-3466
-432
-2590
3852
-2755
-2000
-4855
2075
-981
450
-1601
483
-4919
526
2516
-427
-2085
-4644
-4761
688
3953
-3164
2405
2357
3847
-2124
-1614
376
-3505
